-3.535533905932737309e+00
-3.500002380903952659e+00
-3.464120858553735971e+00
-3.427892927004421608e+00
-3.391322209018974743e+00
-3.354412361638718920e+00
-3.317167075817633037e+00
-3.279590076053262138e+00
-3.241685120014268673e+00
-3.203455998164669083e+00
-3.164906533384790777e+00
-3.126040580588987261e+00
-3.086862026340150500e+00
-3.047374788461055140e+00
-3.007582815642584784e+00
-2.967490087048860747e+00
-2.927100611919331463e+00
-2.886418429167853628e+00
-2.845447606978799282e+00
-2.804192242400245227e+00
-2.762656460934270974e+00
-2.720844416124408305e+00
-2.678760289140296624e+00
-2.636408288359563645e+00
-2.593792648946993573e+00
-2.550917632431016102e+00
-2.507787526277553525e+00
-2.464406643461278357e+00
-2.420779322034322778e+00
-2.376909924692473641e+00
-2.332802838338906337e+00
-2.288462473645501039e+00
-2.243893264611776850e+00
-2.199099668121496709e+00
-2.154086163496980788e+00
-2.108857252051181241e+00
-2.063417456637552494e+00
-2.017771321197768142e+00
-1.971923410307334423e+00
-1.925878308719133791e+00
-1.879640620904954762e+00
-1.833214970595047344e+00
-1.786606000315754672e+00
-1.739818370925263480e+00
-1.692856761147523370e+00
-1.645725867104378182e+00
-1.598430401845955862e+00
-1.550975094879369909e+00
-1.503364691695771249e+00
-1.455603953295802722e+00
-1.407697655713503471e+00
-1.359650589538710319e+00
-1.311467559438002084e+00
-1.263153383674235686e+00
-1.214712893624726231e+00
-1.166150933298111925e+00
-1.117472358849956660e+00
-1.068682038097140463e+00
-1.019784850031080659e+00
-9.707856843298348082e-01
-9.216894408691413965e-01
-8.725010292324331118e-01
-8.232253682198832356e-01
-7.738673853565303240e-01
-7.244320163995290329e-01
-6.749242048445792674e-01
-6.253489014315799510e-01
-5.757110636495597067e-01
-5.260156552409321895e-01
-4.762676457051255863e-01
-4.264720098016367422e-01
-3.766337270525604852e-01
-3.267577812446387786e-01
-2.768491599308898765e-01
-2.269128539318547300e-01
-1.769538568365198183e-01
-1.269771645029623419e-01
-7.698777455876851250e-02
-2.699068590127504802e-02
2.300910180231636668e-02
7.300658861490173790e-02
1.229967748294642504e-01
1.729746614690407802e-01
2.229352507866154687e-01
2.728735467648896740e-01
3.227845556158819296e-01
3.726632862802986557e-01
4.225047509266391388e-01
4.723039654499731066e-01
5.220559499703473216e-01
5.717557293307697908e-01
6.213983335947206310e-01
6.709787985431421298e-01
7.204921661708565406e-01
7.699334851823620429e-01
8.192978114869584605e-01
8.685802086931514454e-01
9.177757486022901645e-01
9.668795117013790907e-01
1.015886587655028039e+00
1.064792075796481052e+00
1.113591085617678056e+00
1.162278737258302996e+00
1.210850161993764162e+00
1.259300502722064730e+00
1.307624914449506459e+00
1.355818564775186807e+00
1.403876634374235044e+00
1.451794317479738972e+00
1.499566822363319618e+00
1.547189371814298831e+00
1.594657203617416696e+00
1.641965571029049276e+00
1.689109743251879348e+00
1.736085005907970436e+00
1.782886661510203918e+00
1.829510029932019055e+00
1.875950448875428833e+00
1.922203274337237699e+00
1.968263881073443855e+00
2.014127663061756834e+00
2.059790033962197953e+00
2.105246427575728330e+00
2.150492298300867411e+00
2.195523121588248028e+00
2.240334394393065587e+00
2.284921635625383640e+00
2.329280386598233221e+00
2.373406211473484184e+00
2.417294697705419715e+00
2.460941456481990031e+00
2.504342123163689759e+00
2.547492357720018141e+00
2.590387845163477643e+00
2.633024295981070573e+00
2.675397446563244408e+00
2.717503059630252515e+00
2.759336924655876544e+00
2.800894858288473621e+00
2.842172704769314162e+00
2.883166336348146341e+00
2.923871653695973460e+00
2.964284586314984260e+00
3.004401092945591767e+00
3.044217161970564245e+00
3.083728811816178528e+00
3.122932091350377082e+00
3.161823080277875064e+00
3.200397889532188955e+00
3.238652661664538801e+00
3.276583571229591207e+00
3.314186825167997341e+00
3.351458663185699738e+00
3.388395358129956403e+00
3.424993216362053783e+00
3.461248578126666864e+00
3.497157817917830425e+00
3.532717344841491247e+00
3.567923602974589325e+00
3.602773071720648979e+00
3.637262266161838564e+00
3.671387737407452612e+00
3.705146072938806157e+00
3.738533896950477775e+00
3.771547870687887993e+00
3.804184692781175769e+00
3.836441099575329083e+00
3.868313865456547429e+00
3.899799803174804680e+00
3.930895764162567030e+00
3.961598638849648690e+00
3.991905356974166708e+00
4.021812887889564259e+00
4.051318240867671783e+00
4.080418465397780636e+00
4.109110651481685750e+00
4.137391929924691070e+00
4.165259472622519610e+00
4.192710492844123671e+00
4.219742245510356149e+00
4.246352027468478951e+00
4.272537177762468552e+00
4.298295077899117800e+00
4.323623152109878021e+00
4.348518867608435201e+00
4.372979734843984723e+00
4.397003307750187773e+00
4.420587183989772129e+00
4.443729005194768433e+00
4.466426457202341105e+00
4.488677270286202337e+00
4.510479219383586980e+00
4.531830124317752784e+00
4.552727850015999778e+00
4.573170306723173262e+00
4.593155450210636204e+00
4.612681281980695047e+00
4.631745849466444298e+00
4.650347246227021891e+00
4.668483612138253136e+00
4.686153133578661034e+00
4.703354043610826096e+00
4.720084622158077003e+00
4.736343196176504122e+00
4.752128139822253239e+00
4.767437874614112836e+00
4.782270869591363827e+00
4.796625641466866874e+00
4.810500754775398846e+00
4.823894822017190442e+00
4.836806503796679202e+00
4.849234508956446810e+00
4.861177594706333593e+00
4.872634566747717777e+00
4.883604279392942615e+00
4.894085635679885193e+00
4.904077587481650902e+00
4.913579135611385595e+00
4.922589329922194779e+00
4.931107269402156490e+00
4.939132102264419899e+00
4.946663026032386945e+00
4.953699287619955705e+00
4.960240183406831704e+00
4.966285059308886751e+00
4.971833310843567943e+00
4.976884383190345318e+00
4.981437771246193691e+00
4.985493019676101589e+00
4.989049722958605493e+00
4.992107525426340509e+00
4.994666121301609252e+00
4.996725254726956500e+00
4.998284719790754060e+00
4.999344360547795851e+00
4.999904071034889874e+00
4.999963795281452406e+00
4.999523527315109739e+00
4.998583311162291487e+00
4.997143240843828771e+00
4.995203460365554626e+00
4.992764163703898639e+00
4.989825594786496232e+00
4.986388047467788631e+00
4.982451865499643695e+00
4.978017442496978084e+00
4.973085221898397634e+00
4.967655696921849717e+00
4.961729410515310690e+00
4.955306955302479999e+00
4.948388973523528023e+00
4.940976156970866562e+00
4.933069246919974837e+00
4.924669034055268568e+00
4.915776358391034329e+00
4.906392109187427408e+00
4.896517224861548279e+00
4.886152692893600324e+00
4.875299549728143056e+00
4.863958880670449680e+00
4.852131819777973476e+00
4.839819549746950500e+00
4.827023301794122645e+00
4.813744355533621011e+00
4.799984038849005152e+00
4.785743727760479516e+00
4.771024846287282628e+00
4.755828866305298774e+00
4.740157307399861963e+00
4.724011736713801923e+00
4.707393768790734789e+00
4.690305065413603813e+00
4.672747335438505623e+00
4.654722334623807356e+00
4.636231865454568002e+00
4.617277776962297686e+00
4.597861964540049584e+00
4.577986369752886198e+00
4.557652980143723553e+00
4.536863829034578188e+00
4.515620995323235576e+00
4.493926603275367526e+00
4.471782822312096783e+00
4.449191866793068328e+00
4.426155995795008735e+00
4.402677512885819766e+00
4.378758765894229299e+00
4.354402146675001362e+00
4.329610090869763006e+00
4.304385077663433812e+00
4.278729629536313972e+00
4.252646312011837182e+00
4.226137733400018526e+00
4.199206544536629337e+00
4.171855438518115022e+00
4.144087150432281597e+00
4.115904457084801571e+00
4.087310176721519639e+00
4.058307168746647875e+00
4.028898333436811363e+00
3.999086611651037071e+00
3.968874984536657102e+00
3.938266473231209375e+00
3.907264138560315292e+00
3.875871080731609020e+00
3.844090439024709926e+00
3.811925391477307912e+00
3.779379154567350518e+00
3.746454982891409990e+00
3.713156168839215621e+00
3.679486042264422885e+00
3.645447970151632688e+00
3.611045356279689145e+00
3.576281640881313617e+00
3.541160300299073249e+00
3.505684846637762142e+00
3.469858827413179192e+00
3.433685825197396291e+00
3.397169457260487135e+00
3.360313375208818787e+00
3.323121264619879778e+00
3.285596844673738914e+00
3.247743867781117011e+00
3.209566119208163038e+00
3.171067416697916475e+00
3.132251610088548688e+00
3.093122580928371335e+00
3.053684242087696177e+00
3.013940537367539640e+00
2.973895441105256499e+00
2.933552957777099124e+00
2.892917121597784913e+00
2.851991996117065220e+00
2.810781673813387727e+00
2.769290275684639813e+00
2.727521950836055531e+00
2.685480876065316380e+00
2.643171255444862311e+00
2.600597319901500892e+00
2.557763326793305314e+00
2.514673559483894039e+00
2.471332326914086774e+00
2.427743963171026920e+00
2.383912827054761152e+00
2.339843301642379636e+00
2.295539793849694199e+00
2.251006733990569941e+00
2.206248575333876971e+00
2.161269793658186611e+00
2.116074886804180988e+00
2.070668374224887032e+00
2.025054796533719337e+00
1.979238715050440245e+00
1.933224711345014502e+00
1.887017386779471506e+00
1.840621362047757614e+00
1.794041276713687294e+00
1.747281788746972708e+00
1.700347574057448963e+00
1.653243326027471038e+00
1.605973755042586326e+00
1.558543588020506521e+00
1.510957567938404633e+00
1.463220453358637929e+00
1.415337017952879695e+00
1.367312050024771741e+00
1.319150352031082329e+00
1.270856740101480087e+00
1.222436043556909491e+00
1.173893104426678491e+00
1.125232776964243619e+00
1.076459927161805386e+00
1.027579432263695747e+00
9.785961802786753427e-01
9.295150694911189504e-01
8.803410079712088443e-01
8.310789130841145234e-01
7.817337109982774868e-01
7.323103361927809640e-01
6.828137309639239483e-01
6.332488449309779943e-01
5.836206345412466856e-01
5.339340625744080082e-01
4.841940976462575374e-01
4.344057137118362277e-01
3.845738895680450575e-01
3.347036083557765052e-01
2.847998570615888903e-01
2.348676260190298015e-01
1.849119084095889320e-01
1.349376997634020581e-01
8.494999745968434546e-02
3.495380022701428946e-02
-1.504589235655260163e-02
-6.504408036341982613e-02
-1.150357640164561407e-01
-1.650159441889514356e-01
-2.149796229045428386e-01
-2.649218038369906547e-01
-3.148374928098244263e-01
-3.647216982957387499e-01
-4.145694319157572361e-01
-4.643757089380619041e-01
-5.141355487764467380e-01
-5.638439754883989297e-01
-6.134960182726706401e-01
-6.630867119663645948e-01
-7.126110975414277071e-01
-7.620642226005773789e-01
-8.114411418725184788e-01
-8.607369177064707610e-01
-9.099466205659354490e-01
-9.590653295216253760e-01
-1.008088132743581555e+00
-1.057010127992334070e+00
-1.105826423109130596e+00
-1.154532136505130646e+00
-1.203122397649587061e+00
-1.251592347556877538e+00
-1.299937139272406394e+00
-1.348151938357281310e+00
-1.396231923371776595e+00
-1.444172286357457091e+00
-1.491968233317979564e+00
-1.539614984698468358e+00
-1.587107775863495496e+00
-1.634441857573522006e+00
-1.681612496459825579e+00
-1.728614975497817730e+00
-1.775444594478768012e+00
-1.822096670479802727e+00
-1.868566538332202542e+00
-1.914849551087898227e+00
-1.960941080484188248e+00
-2.006836517406541454e+00
-2.052531272349516822e+00
-2.098020775875689914e+00
-2.143300479072620224e+00
-2.188365854007720657e+00
-2.233212394181053106e+00
-2.277835614975975531e+00
-2.322231054107585901e+00
-2.366394272068971905e+00
-2.410320852575139838e+00
-2.454006403004648007e+00
-2.497446554838850474e+00
-2.540636964098767603e+00
-2.583573311779464809e+00
-2.626251304281958632e+00
-2.668666673842556403e+00
-2.710815178959650851e+00
-2.752692604817854605e+00
-2.794294763709483487e+00
-2.835617495453308656e+00
-2.876656667810594925e+00
-2.917408176898306227e+00
-2.957867947599496894e+00
-2.998031933970805696e+00
-3.037896119647069071e+00
-3.077456518242938976e+00
-3.116709173751527118e+00
-3.155650160939985405e+00
-3.194275585742049728e+00
-3.232581585647426703e+00
-3.270564330088048255e+00
-3.308220020821125651e+00
-3.345544892308958573e+00
-3.382535212095505006e+00
-3.419187281179612015e+00
-3.455497434384917632e+00
-3.491462040726353244e+00
-3.527077503773257572e+00
-3.562340262009006775e+00
-3.597246789187164673e+00
-3.631793594684096682e+00
-3.665977223848044808e+00
-3.699794258344579312e+00
-3.733241316498433271e+00
-3.766315053631658749e+00
-3.799012162398106796e+00
-3.831329373114147341e+00
-3.863263454085643644e+00
-3.894811211931104022e+00
-3.925969491901036168e+00
-3.956735178193409030e+00
-3.987105194265232910e+00
-4.017076503140205368e+00
-4.046646107712414953e+00
-4.075811051046047240e+00
-4.104568416671074083e+00
-4.132915328874898542e+00
-4.160848952989915972e+00
-4.188366495676998369e+00
-4.215465205204806054e+00
-4.242142371724972882e+00
-4.268395327543070827e+00
-4.294221447385398349e+00
-4.319618148661493962e+00
-4.344582891722395424e+00
-4.369113180114595707e+00
-4.393206560829700180e+00
-4.416860624549714842e+00
-4.440073005887982482e+00
-4.462841383625706371e+00
-4.485163480944090786e+00
-4.507037065652004237e+00
-4.528459950409206236e+00
-4.549429992945068335e+00
-4.569945096272816976e+00
-4.590003208899211984e+00
-4.609602325029708680e+00
-4.628740484769023666e+00
-4.647415774317132708e+00
-4.665626326160642989e+00
-4.683370319259545944e+00
-4.700645979229321370e+00
-4.717451578518362609e+00
-4.733785436580749462e+00
-4.749645920044287095e+00
-4.765031442873845613e+00
-4.779940466529962073e+00
-4.794371500122696084e+00
-4.808323100560714103e+00
-4.821793872695599781e+00
-4.834782469461361920e+00
-4.847287592009151602e+00
-4.859307989837132524e+00
-4.870842460915540073e+00
-4.881889851806876734e+00
-4.892449057781261601e+00
-4.902519022926895786e+00
-4.912098740255656182e+00
-4.921187251803792684e+00
-4.929783648727724454e+00
-4.937887071394922778e+00
-4.945496709469874297e+00
-4.952611801995112195e+00
-4.959231637467312659e+00
-4.965355553908445962e+00
-4.970982938931970629e+00
-4.976113229804075111e+00
-4.980745913499945665e+00
-4.984880526755073760e+00
-4.988516656111579906e+00
-4.991653937959558363e+00
-4.994292058573439164e+00
-4.996430754143357689e+00
-4.998069810801540669e+00
-4.999209064643688194e+00
-4.999848401745365045e+00
-4.999987758173393360e+00
-4.999627119992246627e+00
-4.998766523265443240e+00
-4.997406054051937829e+00
-4.995545848397519251e+00
-4.993186092321201031e+00
-4.990327021796624685e+00
-4.986968922728461706e+00
-4.983112130923819549e+00
-4.978757032058664045e+00
-4.973904061639252916e+00
-4.968553704958584838e+00
-4.962706497047868481e+00
-4.956363022623022196e+00
-4.949523916026202564e+00
-4.942189861162368913e+00
-4.934361591430897143e+00
-4.926039889652236603e+00
-4.917225587989630498e+00
-4.907919567865899779e+00
-4.898122759875302101e+00
-4.887836143690472035e+00
-4.877060747964455878e+00
-4.865797650227847271e+00
-4.854047976781033391e+00
-4.841812902581568601e+00
-4.829093651126676434e+00
-4.815891494330902134e+00
-4.802207752398924612e+00
-4.788043793693533168e+00
-4.773401034598796500e+00
-4.758280939378419561e+00
-4.742685020029326459e+00
-4.726614836130455188e+00
-4.710071994686803265e+00
-4.693058149968727832e+00
-4.675575003346526870e+00
-4.657624303120289966e+00
-4.639207844345081710e+00
-4.620327468651431957e+00
-4.600985064061176466e+00
-4.581182564798657708e+00
-4.560921951097299143e+00
-4.540205249001585841e+00
-4.519034530164462105e+00
-4.497411911640172733e+00
-4.475339555672551484e+00
-4.452819669478799369e+00
-4.429854505028767875e+00
-4.406446358819769316e+00
-4.382597571646915213e+00
-4.358310528369048420e+00
-4.333587657670255666e+00
-4.308431431817009383e+00
-4.282844366410929027e+00
-4.256829020137232966e+00
-4.230387994508866711e+00
-4.203523933606362561e+00
-4.176239523813423560e+00
-4.148537493548291266e+00
-4.120420612990903564e+00
-4.091891693805893127e+00
-4.062953588861399012e+00
-4.033609191943804184e+00
-4.003861437468340334e+00
-3.973713300185672814e+00
-3.943167794884403499e+00
-3.912227976089608372e+00
-3.880896937757382759e+00
-3.849177812965449252e+00
-3.817073773599858999e+00
-3.784588030037792983e+00
-3.751723830826536155e+00
-3.718484462358619957e+00
-3.684873248543197199e+00
-3.650893550473637728e+00
-3.616548766091432832e+00
-3.581842329846395945e+00
-3.546777712353235579e+00
-3.511358420044478734e+00
-3.475587994819839377e+00
-3.439470013692028871e+00
-3.403008088429066991e+00
-3.366205865193093949e+00
-3.329067024175762946e+00
-3.291595279230224325e+00
-3.253794377499753310e+00
-3.215668099043018646e+00
-3.177220256456094294e+00
-3.138454694491195074e+00
-3.099375289672221090e+00
-3.059985949907083835e+00
-3.020290614096934778e+00
-2.980293251742277327e+00
-2.939997862546011476e+00
-2.899408476013483948e+00
-2.858529151049522099e+00
-2.817363975552553690e+00
-2.775917066005822331e+00
-2.734192567065750978e+00
-2.692194651147458817e+00
-2.649927518007540339e+00
-2.607395394324082183e+00
-2.564602533274018548e+00
-2.521553214107788321e+00
-2.478251741721435142e+00
-2.434702446226109096e+00
-2.390909682515076184e+00
-2.346877829828209361e+00
-2.302611291314085040e+00
-2.258114493589661542e+00
-2.213391886297638944e+00
-2.168447941661473699e+00
-2.123287154038176361e+00
-2.077914039468871099e+00
-2.032333135227212040e+00
-1.986548999365636003e+00
-1.940566210259575319e+00
-1.894389366149621612e+00
-1.848023084681701400e+00
-1.801472002445331233e+00
-1.754740774509938372e+00
-1.707834073959373367e+00
-1.660756591424598971e+00
-1.613513034614645125e+00
-1.566108127845819764e+00
-1.518546611569295379e+00
-1.470833241897060883e+00
-1.422972790126331599e+00
-1.374970042262396497e+00
-1.326829798540039462e+00
-1.278556872943512168e+00
-1.230156092725155137e+00
-1.181632297922652119e+00
-1.132990340875047242e+00
-1.084235085737506266e+00
-1.035371407994921888e+00
-9.864041939743445342e-01
-9.373383403563706473e-01
-8.881787536854695020e-01
-8.389303498793505565e-01
-7.895980537373499253e-01
-7.401867984479717499e-01
-6.907015250955692576e-01
-6.411471821662353410e-01
-5.915287250529768226e-01
-5.418511155601518636e-01
-4.921193214073120714e-01
-4.423383157324251025e-01
-3.925130765945833988e-01
-3.426485864761753541e-01
-2.927498317846592979e-01
-2.428218023539177040e-01
-1.928694909452959294e-01
-1.428978927483036954e-01
-9.291200488111779621e-02
-4.291682589086576877e-02
7.082644746206999756e-03
5.708140712470734235e-02
1.070744614100628683e-01
1.570568083385102953e-01
2.070234497169995969e-01
2.569693889230362238e-01
3.068896314043210172e-01
3.567791851782102786e-01
4.066330613308922204e-01
4.564462745163009316e-01
5.062138434546286092e-01
5.559307914304543186e-01
6.055921467904155087e-01
6.551929434403515051e-01
7.047282213419359120e-01
7.541930270086577570e-01
8.035824140011751382e-01
8.528914434219379004e-01
9.021151844090988803e-01
9.512487146295790508e-01
1.000287120771305327e+00
1.049225499034519782e+00
1.098058955622182697e+00
1.146782607229329232e+00
1.195391581531406233e+00
1.243881017671482292e+00
1.292246066746355115e+00
1.340481892291421229e+00
1.388583670764327316e+00
1.436546592027301728e+00
1.484365859828191692e+00
1.532036692280066337e+00
1.579554322339409733e+00
1.626913998282806473e+00
1.674110984182131556e+00
1.721140560378126683e+00
1.767998023952362940e+00
1.814678689197534833e+00
1.861177888086009924e+00
1.907490970736652747e+00
1.953613305879792872e+00
1.999540281320354218e+00
2.045267304399057906e+00
2.090789802451705093e+00
2.136103223266426099e+00
2.181203035538904711e+00
2.226084729325488620e+00
2.270743816494204648e+00
2.315175831173550858e+00
2.359376330199090877e+00
2.403340893557747382e+00
2.447065124829825411e+00
2.490544651628634920e+00
2.533775126037731695e+00
2.576752225045693567e+00
2.619471650978437260e+00
2.661929131928968850e+00
2.704120422184578487e+00
2.746041302651391458e+00
2.787687581276299564e+00
2.829055093466145365e+00
2.870139702504182377e+00
2.910937299963748615e+00
2.951443806119086855e+00
2.991655170353341830e+00
3.031567371563599345e+00
3.071176418563001498e+00
3.110478350479848775e+00
3.149469237153705414e+00
3.188145179528395268e+00
3.226502310041914345e+00
3.264536793013169014e+00
3.302244825025560715e+00
3.339622635307311072e+00
3.376666486108543808e+00
3.413372673075041774e+00
3.449737525618699507e+00
3.485757407284567400e+00
3.521428716114498592e+00
3.556747885007328414e+00
3.591711382075605030e+00
3.626315710998757158e+00
3.660557411372731274e+00
3.694433059056019708e+00
3.727939266512087180e+00
3.761072683148108275e+00
3.793829995650034093e+00
3.826207928313907214e+00
3.858203243373444558e+00
3.889812741323803280e+00
3.921033261241529289e+00
3.951861681100651502e+00
3.982294918084867241e+00
4.012329928895842279e+00
4.041963710057525638e+00
4.071193298216494227e+00
4.100015770438291796e+00
4.128428244499718680e+00
4.156427879177035933e+00
4.184011874530114028e+00
4.211177472182404458e+00
4.237921955596778645e+00
4.264242650347183528e+00
4.290136924386077411e+00
4.315602188307634535e+00
4.340635895606688166e+00
4.365235542933361579e+00
4.389398670343426012e+00
4.413122861544276354e+00
4.436405744136562745e+00
4.459244989851426588e+00
4.481638314783332078e+00
4.503583479618443519e+00
4.525078289858567970e+00
4.546120596040596595e+00
4.566708293951437625e+00
4.586839324838462240e+00
4.606511675615355905e+00
4.625723379063434670e+00
4.644472514028363364e+00
4.662757205612271250e+00
4.680575625361234948e+00
4.697925991448133054e+00
4.714806568850808510e+00
4.731215669525591139e+00
4.747151652576087066e+00
4.762612924417272353e+00
4.777597938934847299e+00
4.792105197639846992e+00
4.806133249818490327e+00
4.819680692677251521e+00
4.832746171483130126e+00
4.845328379699135546e+00
4.857426059114930972e+00
4.869037999972656294e+00
4.880163041087903331e+00
4.890800069965829167e+00
4.900948022912412938e+00
4.910605885140814308e+00
4.919772690872862064e+00
4.928447523435616873e+00
4.936629515353054387e+00
4.944317848432801199e+00
4.951511753847955610e+00
4.958210512213971910e+00
4.964413453660593945e+00
4.970119957898847751e+00
4.975329454283066610e+00
4.980041421867948515e+00
4.984255389460665597e+00
4.987970935667968675e+00
4.991187688938333089e+00
4.993905327599112987e+00
4.996123579888706701e+00
4.997842223983735011e+00
4.999061088021218957e+00
4.999780050115771424e+00
4.999999038371781168e+00
4.999718030890606180e+00
4.998937055772759486e+00
4.997656191115103397e+00
4.995875565003034424e+00
4.993595355497681076e+00
4.990815790618094105e+00
4.987537148318443414e+00
4.983759756460229617e+00
4.979483992779488055e+00
4.974710284849025221e+00
4.969439110035655638e+00
4.963670995452467594e+00
4.957406517906113308e+00
4.950646303839127071e+00
4.943391029267278469e+00
4.935641419711986444e+00
4.927398250127740909e+00
4.918662344824637600e+00
4.909434577385919596e+00
4.899715870580648946e+00
4.889507196271399181e+00
4.878809575317101910e+00
4.867624077470929400e+00
4.855951821273350788e+00
4.843793973940261566e+00
4.831151751246254733e+00
4.818026417403075357e+00
4.804419284933159062e+00
4.790331714538423213e+00
4.775765114964159785e+00
4.760720942858188920e+00
4.745200702625193223e+00
4.729205946276249684e+00
4.712738273273676448e+00
4.695799330371038138e+00
4.678390811448521980e+00
4.660514457343501782e+00
4.642172055676502040e+00
4.623365440672391635e+00
4.604096492977006072e+00
4.584367139469064156e+00
4.564179353067460809e+00
4.543535152534028398e+00
4.522436602271601380e+00
4.500885812117640050e+00
4.478884937133184252e+00
4.456436177387415931e+00
4.433541777737584511e+00
4.410204027604585519e+00
4.386425260743990862e+00
4.362207855012656843e+00
4.337554232130990783e+00
4.312466857440719892e+00
4.286948239658423532e+00
4.261000930624597061e+00
4.234627525048530572e+00
4.207830660248814247e+00
4.180613015889576012e+00
4.152977313712591823e+00
4.124926317265028786e+00
4.096462831623177259e+00
4.067589703111860189e+00
4.038309819019889169e+00
4.008626107311252795e+00
3.978541536332395712e+00
3.948059114515356516e+00
3.917181890076893325e+00
3.885912950713740877e+00
3.854255423293755367e+00
3.822212473543320943e+00
3.789787305730687450e+00
3.756983162345637783e+00
3.723803323775150442e+00
3.690251107975445422e+00
3.656329870140153204e+00
3.622043002364766728e+00
3.587393933307514438e+00
3.552386127846403951e+00
3.517023086732833814e+00
3.481308346241420715e+00
3.445245477816463620e+00
3.408838087714766374e+00
3.372089816644972871e+00
3.335004339403594642e+00
3.297585364507423122e+00
3.259836633822792873e+00
3.221761922191288541e+00
3.183365037052371171e+00
3.144649818062530411e+00
3.105620136711416013e+00
3.066279895934652444e+00
3.026633029723506230e+00
2.986683502731587225e+00
2.946435309878276509e+00
2.905892475949345855e+00
2.865059055194375759e+00
2.823939130921440999e+00
2.782536815088674675e+00
2.740856247893172615e+00
2.698901597356934801e+00
2.656677058910024147e+00
2.614186854971127350e+00
2.571435234525200286e+00
2.528426472698690919e+00
2.485164870331911580e+00
2.441654753549063361e+00
2.397900473325580872e+00
2.353906405052994089e+00
2.309676948101499594e+00
2.265216525379903700e+00
2.220529582893460141e+00
2.175620589299146257e+00
2.130494035458929680e+00
2.085154433990556555e+00
2.039606318816407526e+00
1.993854244710059342e+00
1.947902786840763234e+00
1.901756540316046795e+00
1.855420119722073657e+00
1.808898158662323841e+00
1.762195309294100731e+00
1.715316241863455993e+00
1.668265644238033918e+00
1.621048221438404768e+00
1.573668695167517395e+00
1.526131803338482751e+00
1.478442299600903453e+00
1.430604952865378365e+00
1.382624546826750400e+00
1.334505879485605950e+00
1.286253762668597478e+00
1.237873021547213792e+00
1.189368494155215839e+00
1.140745030904956492e+00
1.092007494102207099e+00
1.043160757460068089e+00
9.942097056114634901e-01
9.451592336208203271e-01
8.960142464944278462e-01
8.467796586900619982e-01
7.974603936254919256e-01
7.480613831860898344e-01
6.985875672317691798e-01
6.490438931028620351e-01
5.994353151255303880e-01
5.497667941161963334e-01
5.000432968856057814e-01
4.502697957420103703e-01
4.004512679940642750e-01
3.505926954530447781e-01
3.006990639346219241e-01
2.507753627604049629e-01
2.008265842588730365e-01
1.508577232662879075e-01
1.008737766270727393e-01
5.087974269425607488e-02
8.806208295873805972e-04
-4.911858909644818694e-02
-9.911288720448836742e-02
-1.490972741064196527e-01
-1.990667514051698561e-01
-2.490163221946857242e-01
-2.989409915594772871e-01
-3.488357670742472938e-01
-3.986956593030053231e-01
-4.485156822980606584e-01
-4.982908540986657475e-01
-5.480161972290842343e-01
-5.976867391964760801e-01
-6.472975129880014222e-01
-6.968435575676581450e-01
-7.463199183722417640e-01
-7.957216478069367716e-01
-8.450438057399501934e-01
-8.942814599965731581e-01
-9.434296868524458812e-01
-9.924835715258045754e-01
-1.041438208669095200e+00
-1.090288702859363745e+00
-1.139030169087934530e+00
-1.187657733248785208e+00
-1.236166532626005177e+00
-1.284551716380115227e+00
-1.332808446033026062e+00
-1.380931895952020927e+00
-1.428917253832176160e+00
-1.476759721177725471e+00
-1.524454513781769549e+00
-1.571996862204826373e+00
-1.619382012251656011e+00
-1.666605225446724292e+00
-1.713661779508097505e+00
-1.760546968819549640e+00
-1.807256104901254545e+00
-1.853784516878494104e+00
-1.900127551948878057e+00
-1.946280575847484595e+00
-1.992238973310418215e+00
-2.037998148536213971e+00
-2.083553525645466031e+00
-2.128900549138458942e+00
-2.174034684350599544e+00
-2.218951417906010803e+00
-2.263646258168735326e+00
-2.308114735692024411e+00
-2.352352403665166847e+00
-2.396354838358214057e+00
-2.440117639564397312e+00
-2.483636431040032733e+00
-2.526906860942269795e+00
-2.569924602264145985e+00
-2.612685353267407695e+00
-2.655184837912558216e+00
-2.697418806286578707e+00
-2.739383035027812774e+00
-2.781073327748340152e+00
-2.822485515453661442e+00
-2.863615456959485606e+00
-2.904459039305967050e+00
-2.945012178168877615e+00
-2.985270818268154436e+00
-3.025230933773307207e+00
-3.064888528706115167e+00
-3.104239637340116431e+00
-3.143280324597228503e+00
-3.182006686441285481e+00
-3.220414850268348950e+00
-3.258500975294068347e+00
-3.296261252937653818e+00
-3.333691907202833704e+00
-3.370789195055361009e+00
-3.407549406797350855e+00
-3.443968866438289478e+00
-3.480043932062535816e+00
-3.515770996193615439e+00
-3.551146486154862281e+00
-3.586166864426785228e+00
-3.620828629000715893e+00
-3.655128313729105738e+00
-3.689062488672052442e+00
-3.722627760440328615e+00
-3.755820772534752106e+00
-3.788638205681750470e+00
-3.821076778165380272e+00
-3.853133246155401981e+00
-3.884804404031753755e+00
-3.916087084705016430e+00
-3.946978159933215657e+00
-3.977474540634558409e+00
-4.007573177196378289e+00
-4.037271059780121796e+00
-4.066565218622258726e+00
-4.095452724331336114e+00
-4.123930688180837301e+00
-4.151996262398127691e+00
-4.179646640449163009e+00
-4.206879057319170556e+00
-4.233690789789177344e+00
-4.260079156708259873e+00
-4.286041519261734045e+00
-4.311575281234962809e+00
-4.336677889273044428e+00
-4.361346833136076739e+00
-4.385579645950246963e+00
-4.409373904454460202e+00
-4.432727229242685141e+00
-4.455637285001921022e+00
-4.478101780745667782e+00
-4.500118470043085850e+00
-4.521685151243579170e+00
-4.542799667697014598e+00
-4.563459907969325435e+00
-4.583663806053718481e+00
-4.603409341577211933e+00
-4.622694540002703079e+00
-4.641517472826432567e+00
-4.659876257770792840e+00
-4.677769058972597982e+00
-4.695194087166628449e+00
-4.712149599864597249e+00
-4.728633901529356365e+00
-4.744645343744473109e+00
-4.760182325379078705e+00
-4.775243292747946455e+00
-4.789826739766900765e+00
-4.803931208103382033e+00
-4.817555287322321078e+00
-4.830697615027138347e+00
-4.843356876996026905e+00
-4.855531807313331782e+00
-4.867221188496164253e+00
-4.878423851616155105e+00
-4.889138676416321161e+00
-4.899364591423116977e+00
-4.909100574053557153e+00
-4.918345650717499851e+00
-4.927098896914974269e+00
-4.935359437328663113e+00
-4.943126445911404154e+00
-4.950399145968810366e+00
-4.957176810236940234e+00
-4.963458760955011151e+00
-4.969244369933191408e+00
-4.974533058615398851e+00
-4.979324298137177252e+00
-4.983617609378564239e+00
-4.987412563012013855e+00
-4.990708779545326657e+00
-4.993505929359592699e+00
-4.995803732742166048e+00
-4.997601959914620195e+00
-4.998900431055737670e+00
-4.999699016319485878e+00
-4.999997635848004052e+00
-4.999796259779587970e+00
-4.999094908251676905e+00
-4.997893651398840120e+00
-4.996192609345760260e+00
-4.993991952195225181e+00
-4.991291900011118443e+00
-4.988092722796404921e+00
-4.984394740466143503e+00
-4.980198322815481582e+00
-4.975503889482689956e+00
-4.970311909907191961e+00
-4.964622903282613464e+00
-4.958437438504880390e+00
-4.951756134115312236e+00
-4.944579658238785314e+00
-4.936908728516900879e+00
-4.928744112036241631e+00
-4.920086625251654411e+00
-4.910937133904598184e+00
-4.901296552936588391e+00
-4.891165846397681705e+00
-4.880546027350096239e+00
-4.869438157766880160e+00
-4.857843348425744168e+00
-4.845762758797949488e+00
-4.833197596932397921e+00
-4.820149119334808496e+00
-4.806618630842057982e+00
-4.792607484491730574e+00
-4.778117081386776377e+00
-4.763148870555438563e+00
-4.747704348806317753e+00
-4.731785060578729052e+00
-4.715392597788216733e+00
-4.698528599667407768e+00
-4.681194752602064746e+00
-4.663392789962438556e+00
-4.645124491929969679e+00
-4.626391685319225289e+00
-4.607196243395269342e+00
-4.587540085686284463e+00
-4.567425177791668567e+00
-4.546853531185455211e+00
-4.525827203015148292e+00
-4.504348295896056342e+00
-4.482418957700979867e+00
-4.460041381345477340e+00
-4.437217804568520663e+00
-4.413950509708784331e+00
-4.390241823476348948e+00
-4.366094116720089069e+00
-4.341509804190565092e+00
-4.316491344298524879e+00
-4.291041238869129693e+00
-4.265162032891693045e+00
-4.238856314265266434e+00
-4.212126713539773526e+00
-4.184975903653029405e+00
-4.157406599663378444e+00
-4.129421558478254539e+00
-4.101023578578466555e+00
-4.072215499738318201e+00
-4.043000202741708904e+00
-4.013380609093970541e+00
-3.983359680729805508e+00
-3.952940419717012599e+00
-3.922125867956353762e+00
-3.890919106877337441e+00
-3.859323257130044205e+00
-3.827341478273141195e+00
-3.794976968457839828e+00
-3.762232964108174649e+00
-3.729112739597271187e+00
-3.695619606920002909e+00
-3.661756915361703335e+00
-3.627528051163321887e+00
-3.592936437182765896e+00
-3.557985532552583319e+00
-3.522678832334135812e+00
-3.487019867167997944e+00
-3.451012202920996863e+00
-3.414659440329524287e+00
-3.377965214639572444e+00
-3.340933195243104059e+00
-3.303567085311213791e+00
-3.265870621423769382e+00
-3.227847573195718578e+00
-3.189501742900225256e+00
-3.150836965088338104e+00
-3.111857106205644374e+00
-3.072566064205521918e+00
-3.032967768159442468e+00
-2.993066177864025068e+00
-2.952865283445020861e+00
-2.912369104958400179e+00
-2.871581691988234208e+00
-2.830507123241861045e+00
-2.789149506141897383e+00
-2.747512976415617647e+00
-2.705601697681268014e+00
-2.663419861031810942e+00
-2.620971684615774677e+00
-2.578261413215398257e+00
-2.535293317822258530e+00
-2.492071695210059001e+00
-2.448600867505073442e+00
-2.404885181753815715e+00
-2.360929009488462516e+00
-2.316736746289579152e+00
-2.272312811346674177e+00
-2.227661647016238256e+00
-2.182787718377463104e+00
-2.137695512785850127e+00
-2.092389539424349465e+00
-2.046874328852574365e+00
-2.001154432553621021e+00
-1.955234422479035228e+00
-1.909118890591574580e+00
-1.862812448405965604e+00
-1.816319726527870770e+00
-1.769645374190701448e+00
-1.722794058790829475e+00
-1.675770465420718391e+00
-1.628579296400552767e+00
-1.581225270807875338e+00
-1.533713124005800177e+00
-1.486047607169431517e+00
-1.438233486810697848e+00
-1.390275544301823984e+00
-1.342178575397061868e+00
-1.293947389753255628e+00
-1.245586810448742865e+00
-1.197101673501188124e+00
-1.148496827383847174e+00
-1.099777132540845415e+00
-1.050947460901084707e+00
-1.002012695391003350e+00
-9.529777294464079063e-01
-9.038474665229958571e-01
-8.546268196061528322e-01
-8.053207107195182735e-01
-7.559340704329100546e-01
-7.064718373692191467e-01
-6.569389577104982614e-01
-6.073403847034711811e-01
-5.576810781640715309e-01
-5.079660039816057404e-01
-4.582001336220277166e-01
-4.083884436309373478e-01
-3.585359151357887519e-01
-3.086475333479055672e-01
-2.587282870639107113e-01
-2.087831681667978723e-01
-1.588171711268715480e-01
-1.088352925021619511e-01
-5.884253043891567170e-02
-8.843884171643027689e-03
4.115564647665914677e-02
9.115106159462765811e-02
1.411373616823956845e-01
1.911095481515917849e-01
2.410626238252479014e-01
2.909915934373886182e-01
3.408914641326954986e-01
3.907572459656466490e-01
4.405839523996489815e-01
4.903666008055632686e-01
5.401002129600168677e-01
5.897798155432741884e-01
6.394004406364410809e-01
6.889571262183937783e-01
7.384449166618360927e-01
7.878588632289985627e-01
8.371940245663673785e-01
8.864454671989564494e-01
9.356082660235277570e-01
9.846775048011502385e-01
1.033648276648871711e+00
1.082515684530281908e+00
1.131274841745349535e+00
1.179920872418951383e+00
1.228448911988592851e+00
1.276854107690721829e+00
1.325131619046140630e+00
1.373276618343927780e+00
1.421284291124256471e+00
1.469149836659889630e+00
1.516868468436126882e+00
1.564435414629590682e+00
1.611845918585266269e+00
1.659095239292300850e+00
1.706178651857980899e+00
1.753091447980268835e+00
1.799828936418680581e+00
1.846386443463285953e+00
1.892759313402212040e+00
1.938942908987075553e+00
1.984932611896836896e+00
2.030723823199497513e+00
2.076311963812118577e+00
2.121692474958612351e+00
2.166860818625665708e+00
2.211812478016583761e+00
2.256542958002855315e+00
2.301047785573788307e+00
2.345322510283681439e+00
2.389362704696991191e+00
2.433163964830944437e+00
2.476721910596059839e+00
2.520032186234044236e+00
2.563090460753408628e+00
2.605892428362615476e+00
2.648433808900540587e+00
2.690710348264611085e+00
2.732717818836091883e+00
2.774452019902961197e+00
2.815908778079875496e+00
2.857083947725549411e+00
2.897973411357361417e+00
2.938573080062992560e+00
2.978878893909435277e+00
3.018886822348862964e+00
3.058592864621800800e+00
3.097993050157081374e+00
3.137083438969012761e+00
3.175860122051274104e+00
3.214319221767858004e+00
3.252456892240869202e+00
3.290269319735013909e+00
3.327752723039081317e+00
3.364903353843949230e+00
3.401717497117523692e+00
3.438191471476126804e+00
3.474321629552746149e+00
3.510104358361668453e+00
3.545536079659818984e+00
3.580613250304620188e+00
3.615332362608212335e+00
3.649689944688323084e+00
3.683682560815351170e+00
3.717306811756034612e+00
3.750559335113288206e+00
3.783436805662474089e+00
3.815935935683958835e+00
3.848053475291799863e+00
3.879786212758824071e+00
3.911130974837704777e+00
3.942084627078377590e+00
3.972644074141391979e+00
4.002806260107528935e+00
4.032568168783314810e+00
4.061926824002674685e+00
4.090879289924572504e+00
4.119422671326521623e+00
4.147554113894190486e+00
4.175270804506742373e+00
4.202569971518234304e+00
4.229448885034694960e+00
4.255904857187190693e+00
4.281935242400543018e+00
4.307537437657913415e+00
4.332708882761130198e+00
4.357447060586640220e+00
4.381749497337294130e+00
4.405613762789651666e+00
4.429037470537070753e+00
4.452018278228288217e+00
4.474553887801678620e+00
4.496642045715078417e+00
4.518280543171088404e+00
4.539467216338009870e+00
4.560199946566167561e+00
4.580476660599829941e+00
4.600295330784475389e+00
4.619653975269616630e+00
4.638550658206929356e+00
4.656983489943860910e+00
4.674950627212611565e+00
4.692450273314413778e+00
4.709480678299252432e+00
4.726040139140809337e+00
4.742126999906812301e+00
4.757739651924578261e+00
4.772876533941926347e+00
4.787536132283264578e+00
4.801716981000969220e+00
4.815417662021996392e+00
4.828636805289651335e+00
4.841373088900632560e+00
4.853625239237183031e+00
4.865392031094487812e+00
4.876672287803164529e+00
4.887464881346935464e+00
4.897768732475450193e+00
4.907582810812173513e+00
4.916906134957458541e+00
4.925737772586652241e+00
4.934076840543358600e+00
4.941922504927723558e+00
4.949273981179854509e+00
4.956130534158248224e+00
4.962491478213318707e+00
4.968356177255966344e+00
4.973724044821168810e+00
4.978594544126647925e+00
4.982967188126527169e+00
4.986841539560053604e+00
4.990217210995311348e+00
4.993093864867971021e+00
4.995471213515040532e+00
4.997349019203637610e+00
4.998727094154757467e+00
4.999605300562054211e+00
4.999983550605619165e+00
4.999861806460762281e+00
4.999240080301795786e+00
4.998118434300820034e+00
4.996496980621499162e+00
4.994375881407847828e+00
4.991755348768024625e+00
4.988635644753104614e+00
4.985017081330893163e+00
4.980900020354714464e+00
4.976284873527237806e+00
4.971172102359297185e+00
4.965562218123750426e+00
4.959455781804347652e+00
4.952853404039628593e+00
4.945755745061870989e+00
4.938163514631055406e+00
4.930077471963901559e+00
4.921498425657932607e+00
4.912427233610635824e+00
4.902864802933650346e+00
4.892812089862078828e+00
4.882270099658853724e+00
4.871239886514205253e+00
4.859722553440261272e+00
4.847719252160724857e+00
4.835231182995729071e+00
4.822259594741774791e+00
4.808805784546883899e+00
4.794871097780866620e+00
4.780456927900779363e+00
4.765564716311607718e+00
4.750195952222090234e+00
4.734352172495840172e+00
4.718034961497614255e+00
4.701245950934927365e+00
4.683986819694833770e+00
4.666259293676079167e+00
4.648065145616499194e+00
4.629406194915727468e+00
4.610284307453294872e+00
4.590701395402001950e+00
4.570659417036747385e+00
4.550160376538651796e+00
4.529206323794697120e+00
4.507799354192681740e+00
4.485941608411733839e+00
4.463635272208225757e+00
4.440882576197171971e+00
4.417685795629228807e+00
4.394047250163108487e+00
4.369969303633673086e+00
4.345454363815495213e+00
4.320504882182135908e+00
4.295123353660975418e+00
4.269312316383697237e+00
4.243074351432538194e+00
4.216412082582110976e+00
4.189328176037100171e+00
4.161825340165570708e+00
4.133906325228210221e+00
4.105573923103227330e+00
4.076830967007235351e+00
4.047680331211899407e+00
4.018124930756489022e+00
3.988167721156438805e+00
3.957811698107724485e+00
3.927059897187375359e+00
3.895915393549835848e+00
3.864381301619526532e+00
3.832460774779373747e+00
3.800157005055438297e+00
3.767473222797796062e+00
3.734412696357412464e+00
3.700978731759405171e+00
3.667174672372348621e+00
3.633003898574036050e+00
3.598469827413346422e+00
3.563575912268631019e+00
3.528325642502337267e+00
3.492722543112042111e+00
3.456770174378041460e+00
3.420472131507222180e+00
3.383832044273649586e+00
3.346853576655486773e+00
3.309540426468706720e+00
3.271896324997207728e+00
3.233925036619780258e+00
3.195630358433633411e+00
3.157016119874645366e+00
3.118086182334521617e+00
3.078844438774547498e+00
3.039294813336404388e+00
2.999441260949651245e+00
2.959287766936328889e+00
2.918838346612392165e+00
2.878097044886136935e+00
2.837067935853814227e+00
2.795755122392106884e+00
2.754162735747962554e+00
2.712294935125357132e+00
2.670155907269492701e+00
2.627749866048008087e+00
2.585081052029702953e+00
2.542153732060437488e+00
2.498972198836404868e+00
2.455540770474973655e+00
2.411863790082757308e+00
2.367945625321427716e+00
2.323790667970831336e+00
2.279403333489939953e+00
2.234788060575179980e+00
2.189949310716695408e+00
2.144891567752075012e+00
2.099619337418099363e+00
2.054137146900042232e+00
2.008449544379070861e+00
1.962561098577380037e+00
1.916476398301277140e+00
1.870200051982419120e+00
1.823736687216841013e+00
1.777090950302333328e+00
1.730267505773682934e+00
1.683271035936356741e+00
1.636106240398141232e+00
1.588777835599303412e+00
1.541290554340899677e+00
1.493649145311449100e+00
1.445858372612188081e+00
1.397923015280526871e+00
1.349847866812286412e+00
1.301637734682217218e+00
1.253297439863374274e+00
1.204831816344973161e+00
1.156245710648943659e+00
1.107543981345401107e+00
1.058731498566657159e+00
1.009813143520347234e+00
9.607938080011759752e-01
9.116783939018808791e-01
8.624718127229076270e-01
8.131789850813861964e-01
7.638048402190210640e-01
7.143543155091182095e-01
6.648323559629755186e-01
6.152439137352438969e-01
5.655939476288580625e-01
5.158874225990183193e-01
4.661293092568410956e-01
4.163245833721602729e-01
3.664782253760783259e-01
3.165952198628738667e-01
2.666805550914940204e-01
2.167392224868556760e-01
1.667762161405663968e-01
1.167965323116604837e-01
6.680516892683578678e-02
1.680712508078919740e-02
-3.319259946374181897e-02
-8.318900477600463250e-02
-1.331770912570960363e-01
-1.831518601400600188e-01
-2.331083139896182599e-01
-2.830414572020515940e-01
-3.329462965046140477e-01
-3.828178414549981423e-01
-4.326511049402504971e-01
-4.824411036755326121e-01
-5.321828587024977075e-01
-5.818713958870590508e-01
-6.315017464169405681e-01
-6.810689472984126080e-01
-7.305680418527277231e-01
-7.799940802116449579e-01
-8.293421198125512372e-01
-8.786072258925925471e-01
-9.277844719821971564e-01
-9.768689403977723895e-01
-1.025855722733344910e+00
-1.074739920351538647e+00
-1.123516644873293391e+00
-1.172181018666838881e+00
-1.220728175335331844e+00
-1.269153260203544242e+00
-1.317451430803377788e+00
-1.365617857357986020e+00
-1.413647723264886968e+00
-1.461536225577479975e+00
-1.509278575485475393e+00
-1.556869998793632970e+00
-1.604305736399315396e+00
-1.651581044768275053e+00
-1.698691196409054083e+00
-1.745631480345779973e+00
-1.792397202589142591e+00
-1.838983686605922818e+00
-1.885386273786506806e+00
-1.931600323910878547e+00
-1.977621215612504368e+00
-2.023444346840597596e+00
-2.069065135320204973e+00
-2.114479019010478744e+00
-2.159681456560928137e+00
-2.204667927765433966e+00
-2.249433934014395842e+00
-2.293974998744463090e+00
-2.338286667886310788e+00
-2.382364510309935124e+00
-2.426204118267810905e+00
-2.469801107835704723e+00
-2.513151119350960361e+00
-2.556249817848581962e+00
-2.599092893494604262e+00
-2.641676062017196180e+00
-2.683995065134960889e+00
-2.726045670982882196e+00
-2.767823674535401679e+00
-2.809324898026965833e+00
-2.850545191369837639e+00
-2.891480432569004222e+00
-2.932126528134487486e+00
-2.972479413490573652e+00
-3.012535053382383143e+00
-3.052289442279291443e+00
-3.091738604775523314e+00
-3.130878595987732993e+00
-3.169705501949386495e+00
-3.208215440002271102e+00
-3.246404559184645766e+00
-3.284269040616443647e+00
-3.321805097881048052e+00
-3.359008977404039697e+00
-3.395876958828455194e+00
-3.432405355386864088e+00
-3.468590514270073921e+00
-3.504428816992327889e+00
-3.539916679753241535e+00
-3.575050553796088604e+00
-3.609826925762767313e+00
-3.644242318045036733e+00
-3.678293289132372301e+00
-3.711976433956028387e+00
-3.745288384229580991e+00
-3.778225808785784956e+00
-3.810785413909610231e+00
-3.842963943667699667e+00
-3.874758180233870419e+00
-3.906164944210983592e+00
-3.937181094948801530e+00
-3.967803530858087679e+00
-3.998029189720790466e+00
-4.027855048996190845e+00
-4.057278126123236461e+00
-4.086295478818712468e+00
-4.114904205371552770e+00
-4.143101444932920430e+00
-4.170884377802378751e+00
-4.198250225709781347e+00
-4.225196252093134319e+00
-4.251719762372271560e+00
-4.277818104218250816e+00
-4.303488667818654356e+00
-4.328728886138495824e+00
-4.353536235176993507e+00
-4.377908234219900052e+00
-4.401842446087637306e+00
-4.425336477378955635e+00
-4.448387978710296231e+00
-4.470994644950751606e+00
-4.493154215452520361e+00
-4.514864474277034745e+00
-4.536123250416487451e+00
-4.556928418010996573e+00
-4.577277896561132486e+00
-4.597169651135989632e+00
-4.616601692576703719e+00
-4.635572077695307769e+00
-4.654078909469111736e+00
-4.672120337230349918e+00
-4.689694556851291551e+00
-4.706799810924607641e+00
-4.723434388939157458e+00
-4.739596627450995747e+00
-4.755284910249733876e+00
-4.770497668520176759e+00
-4.785233380999162733e+00
-4.799490574127736942e+00
-4.813267822198453949e+00
-4.826563747497999657e+00
-4.839377020444914912e+00
-4.851706359722590456e+00
-4.863550532407368010e+00
-4.874908354091846086e+00
-4.885778689003329234e+00
-4.896160450117377216e+00
-4.906052599266537584e+00
-4.915454147244130212e+00
-4.924364153903201036e+00
-4.932781728250503761e+00
-4.940706028535616134e+00
-4.948136262335119717e+00
-4.955071686631820072e+00
-4.961511607889072195e+00
-4.967455382120112617e+00
-4.972902414952475425e+00
-4.977852161687412291e+00
-4.982304127354378664e+00
-4.986257866760515967e+00
-4.989712984535177753e+00
-4.992669135169466088e+00
-4.995126023050780795e+00
-4.997083402492382476e+00
-4.998541077757955975e+00
-4.999498903081191159e+00
-4.999956782680353484e+00
-4.999914670767865665e+00
-4.999372571554881794e+00
-4.998330539250871674e+00
-4.996788678058198485e+00
-4.994747142161696907e+00
-4.992206135713253445e+00
-4.989165912811397874e+00
-4.985626777475884452e+00
-4.981589083617298463e+00
-4.977053235001662301e+00
-4.972019685210055329e+00
-4.966488937593264374e+00
-4.960461545221440005e+00
-4.953938110828799424e+00
-4.946919286753342249e+00
-4.939405774871630683e+00
-4.931398326528587006e+00
-4.922897742462374993e+00
-4.913904872724320860e+00
-4.904420616593898608e+00
-4.894445922488824152e+00
-4.883981787870188107e+00
-4.873029259142739988e+00
-4.861589431550218166e+00
-4.849663449065857002e+00
-4.837252504277956611e+00
-4.824357838270660004e+00
-4.810980740499824826e+00
-4.797122548664071395e+00
-4.782784648571047015e+00
-4.767968473998799972e+00
-4.752675506552452411e+00
-4.736907275515993554e+00
-4.720665357699393105e+00
-4.703951377280902513e+00
-4.686767005644625783e+00
-4.669113961213414932e+00
-4.650994009276993246e+00
-4.632408961815465354e+00
-4.613360677318077308e+00
-4.593851060597417657e+00
-4.573882062598888965e+00
-4.553455680205654943e+00
-4.532573956038942420e+00
-4.511238978253750531e+00
-4.489452880330094153e+00
-4.467217840859595057e+00
-4.444536083327687237e+00
-4.421409875891207264e+00
-4.397841531151641448e+00
-4.373833405923807760e+00
-4.349387901000230983e+00
-4.324507460911039658e+00
-4.299194573679494091e+00
-4.273451770573238662e+00
-4.247281625851115905e+00
-4.220686756505806159e+00
-4.193669822002063619e+00
-4.166233524010833023e+00
-4.138380606139062223e+00
-4.110113853655306571e+00
-4.081436093211278759e+00
-4.052350192559104336e+00
-4.022859060264632802e+00
-3.992965645416494347e+00
-3.962672937331286338e+00
-3.931983965254550295e+00
-3.900901798057931025e+00
-3.869429543932257687e+00
-3.837570350076693781e+00
-3.805327402384098168e+00
-3.772703925122348867e+00
-3.739703180612008016e+00
-3.706328468900003337e+00
-3.672583127429716932e+00
-3.638470530707151429e+00
-3.603994089963563852e+00
-3.569157252814310510e+00
-3.533963502914051702e+00
-3.498416359608472526e+00
-3.462519377582258251e+00
-3.426276146503721254e+00
-3.389690290665741568e+00
-3.352765468623428280e+00
-3.315505372828227326e+00
-3.277913729258642661e+00
-3.239994297047730232e+00
-3.201750868107086312e+00
-3.163187266747762294e+00
-3.124307349297730241e+00
-3.085115003716362825e+00
-3.045614149205530641e+00
-3.005808735817781407e+00
-2.965702744061296414e+00
-2.925300184501801848e+00
-2.884605097361613968e+00
-2.843621552115504603e+00
-2.802353647083875021e+00
-2.760805509022809190e+00
-2.718981292711519782e+00
-2.676885180536754394e+00
-2.634521382074665574e+00
-2.591894133669811140e+00
-2.549007698011479306e+00
-2.505866363707527800e+00
-2.462474444855405231e+00
-2.418836280610867639e+00
-2.374956234753943463e+00
-2.330838695252667847e+00
-2.286488073824241241e+00
-2.241908805493816992e+00
-2.197105348151110693e+00
-2.152082182104487984e+00
-2.106843809633066833e+00
-2.061394754536363561e+00
-2.015739561682046599e+00
-1.969882796551321924e+00
-1.923829044782505715e+00
-1.877582911712413205e+00
-1.831149021915779995e+00
-1.784532018742924553e+00
-1.737736563855283078e+00
-1.690767336759381845e+00
-1.643629034338755845e+00
-1.596326370384399507e+00
-1.548864075123254969e+00
-1.501246894745313920e+00
-1.453479590928950183e+00
-1.405566940364705530e+00
-1.357513734277743467e+00
-1.309324777948594143e+00
-1.261004890232767517e+00
-1.212558903078734041e+00
-1.163991661044855297e+00
-1.115308020814879342e+00
-1.066512850712224347e+00
-1.017611030213273704e+00
-9.686074494592904482e-01
-9.195070087675489834e-01
-8.703146181411665072e-01
-8.210351967782472116e-01
-7.716736725798263308e-01
-7.222349816572066761e-01
-6.727240678382994110e-01
-6.231458821731921116e-01
-5.735053824391717070e-01
-5.238075326448092817e-01
-4.740573025337048163e-01
-4.242596670873758358e-01
-3.744196060279043059e-01
-3.245421033198275795e-01
-2.746321466718697479e-01
-2.246947270381217665e-01
-1.747348381188972288e-01
-1.247574758614904411e-01
-7.476763796044397226e-02
-2.477032335792537371e-02
2.522946825630491968e-02
7.522673694473405726e-02
1.252164830221397240e-01
1.751937075556076195e-01
2.251534128642965205e-01
2.750906030193439045e-01
3.250002843433130728e-01
3.748774659096982265e-01
4.247171600418716553e-01
4.745143828119883223e-01
5.242641545392511260e-01
5.739615002879276950e-01
6.236014503648926732e-01
6.731790408164697315e-01
7.226893139249634945e-01
7.721273187042863029e-01
8.214881113951933989e-01
8.707667559595145823e-01
9.199583245738940374e-01
9.690578981224452493e-01
1.018060566688712365e+00
1.066961430046709181e+00
1.115755598150815375e+00
1.164438191624917129e+00
1.213004342250201040e+00
1.261449193452110595e+00
1.309767900785879124e+00
1.357955632421021575e+00
1.406007569624565079e+00
1.453918907242798042e+00
1.501684854181918549e+00
1.549300633887004119e+00
1.596761484819797516e+00
1.644062660934721976e+00
1.691199432153617455e+00
1.738167084838625698e+00
1.784960922263601146e+00
1.831576265083829425e+00
1.878008451803841128e+00
1.924252839243690838e+00
1.970304803003138705e+00
2.016159737924217321e+00
2.061813058551615008e+00
2.107260199591345806e+00
2.152496616367161497e+00
2.197517785275065361e+00
2.242319204235716512e+00
2.286896393144521422e+00
2.331244894319768779e+00
2.375360272948265461e+00
2.419238117528943466e+00
2.462874040313893342e+00
2.506263677747184726e+00
2.549402690901263036e+00
2.592286765910730928e+00
2.634911614403854685e+00
2.677272973931275502e+00
2.719366608392371987e+00
2.761188308458744523e+00
2.802733891995269566e+00
2.843999204478198095e+00
2.884980119410656130e+00
2.925672538735329287e+00
2.966072393244167493e+00
3.006175642985413621e+00
3.045978277667485301e+00
3.085476317060111384e+00
3.124665811392238979e+00
3.163542841747120526e+00
3.202103520454104846e+00
3.240343991477439900e+00
3.278260430801918979e+00
3.315849046815179335e+00
3.353106080686969026e+00
3.390027806744923211e+00
3.426610532847229607e+00
3.462850600751750108e+00
3.498744386481882351e+00
3.534288300688989359e+00
3.569478789011244935e+00
3.604312332429167931e+00
3.638785447617419955e+00
3.672894687293232874e+00
3.706636640561040252e+00
3.740007933253656880e+00
3.773005228269610711e+00
3.805625225906887010e+00
3.837864664192927044e+00
3.869720319210746773e+00
3.901189005421412670e+00
3.932267575982506091e+00
3.962952923062890154e+00
3.993241978153407423e+00
4.023131712373809954e+00
4.052619136775573949e+00
4.081701302640821538e+00
4.110375301777221324e+00
4.138638266808734478e+00
4.166487371462431533e+00
4.193919830851032593e+00
4.220932901751480060e+00
4.247523882879185031e+00
4.273690115158183644e+00
4.299428981987072795e+00
4.324737909500599997e+00
4.349614366827121437e+00
4.374055866341618248e+00
4.398059963914525028e+00
4.421624259156067716e+00
4.444746395656379079e+00
4.467424061221066722e+00
4.489654988102466326e+00
4.511436953226429125e+00
4.532767778414580562e+00
4.553645330602192232e+00
4.574067522051427304e+00
4.594032310560175247e+00
4.613537699666207637e+00
4.632581738846882402e+00
4.651162523714143404e+00
4.669278196204983189e+00
4.686926944767260572e+00
4.704107004540815318e+00
4.720816657533997152e+00
4.737054232795420816e+00
4.752818106581102597e+00
4.768106702516795359e+00
4.782918491755639323e+00
4.797251993131065539e+00
4.811105773304869437e+00
4.824478446910590357e+00
4.837368676691999880e+00
4.849775173636872161e+00
4.861696697105842624e+00
4.873132054956506920e+00
4.884080103662605588e+00
4.894539748428386794e+00
4.904509943298098307e+00
4.913989691260554515e+00
4.922978044348866433e+00
4.931474103735207670e+00
4.939477019820727399e+00
4.946985992320477976e+00
4.954000270343474455e+00
4.960519152467756321e+00
4.966541986810542042e+00
4.972068171093418698e+00
4.977097152702561367e+00
4.981628428744001802e+00
4.985661546093910879e+00
4.989196101443915232e+00
4.992231741341424112e+00
4.994768162224977992e+00
4.996805110454602072e+00
4.998342382337171763e+00
4.999379824146778617e+00
4.999917332140107362e+00
4.999954852566805386e+00
4.999492381674862429e+00
4.998529965710980960e+00
4.997067700915956756e+00
4.995105733515050161e+00
4.992644259703365783e+00
4.989683525626235294e+00
4.986223827354596239e+00
4.982265510855396151e+00
4.977808971956982909e+00
4.972854656309536381e+00
4.967403059340488092e+00
4.961454726204995502e+00
4.955010251731415849e+00
4.948070280361821283e+00
4.940635506087572182e+00
4.932706672379893575e+00
4.924284572115555925e+00
4.915370047497559902e+00
4.905963989970942407e+00
4.896067340133621215e+00
4.885681087642324449e+00
4.874806271113655498e+00
4.863443978020195679e+00
4.851595344581794755e+00
4.839261555651914293e+00
4.826443844599177524e+00
4.813143493183998700e+00
4.799361831430441150e+00
4.785100237493201014e+00
4.770360137519776167e+00
4.755143005507892262e+00
4.739450363158057122e+00
4.723283779721441533e+00
4.706644871842903477e+00
4.689535303399379629e+00
4.671956785333441609e+00
4.653911075482255022e+00
4.635399978401772536e+00
4.616425345186264018e+00
4.596989073283252125e+00
4.577093106303716574e+00
4.556739433827788233e+00
4.535930091205741199e+00
4.514667159354502246e+00
4.492952764549545286e+00
4.470789078212240142e+00
4.448178316692768419e+00
4.425122741048420849e+00
4.401624656817567427e+00
4.377686413789031228e+00
4.353310405767184754e+00
4.328499070332500587e+00
4.303254888597852990e+00
4.277580384960387505e+00
4.251478126849056238e+00
4.224950724467936070e+00
4.198000830535139727e+00
4.170631140017622585e+00
4.142844389861607191e+00
4.114643358718975463e+00
4.086030866669319472e+00
4.057009774938010516e+00
4.027582985610048461e+00
3.997753441339822800e+00
3.967524125056924422e+00
3.936898059667768290e+00
3.905878307753393841e+00
3.874467971263120702e+00
3.842670191204433650e+00
3.810488147328852104e+00
3.777925057813922294e+00
3.744984178941483499e+00
3.711668804771948160e+00
3.677982266814994183e+00
3.643927933696322174e+00
3.609509210820889269e+00
3.574729540032276276e+00
3.539592399268591372e+00
3.504101302214642111e+00
3.468259797950534296e+00
3.432071470596850027e+00
3.395539938956144255e+00
3.358668856151162174e+00
3.321461909259433742e+00
3.283922818944668531e+00
3.246055339084588542e+00
3.207863256395637297e+00
3.169350390054270328e+00
3.130520591315000267e+00
3.091377743125371502e+00
3.051925759737556199e+00
3.012168586317043317e+00
2.972110198548017390e+00
2.931754602235886686e+00
2.891105832906667672e+00
2.850167955403390074e+00
2.808945063479717952e+00
2.767441279390463915e+00
2.725660753479479226e+00
2.683607663764507212e+00
2.641286215519506708e+00
2.598700640854003652e+00
2.555855198289991304e+00
2.512754172336038039e+00
2.469401873058790553e+00
2.425802635652080319e+00
2.381960820003285129e+00
2.337880810257465747e+00
2.293567014378832702e+00
2.249023863710077009e+00
2.204255812529114067e+00
2.159267337603772763e+00
2.114062937744070059e+00
2.068647133352290446e+00
2.023024465971058561e+00
1.977199497829061015e+00
1.931176811384958114e+00
1.884961008869008747e+00
1.838556711822968204e+00
1.791968560637887453e+00
1.745201214090028374e+00
1.698259348875106323e+00
1.651147659140491664e+00
1.603870856015931157e+00
1.556433667142307131e+00
1.508840836199009772e+00
1.461097122429438233e+00
1.413207300165200575e+00
1.365176158348632818e+00
1.317008500053855613e+00
1.268709142006593904e+00
1.220282914102368110e+00
1.171734658923648587e+00
1.123069231255461764e+00
1.074291497600054601e+00
1.025406335690109749e+00
9.764186340010985177e-01
9.273332912623841739e-01
8.781552159673011726e-01
8.288893258824325816e-01
7.795405475556970165e-01
7.301138158238382747e-01
6.806140733188058567e-01
6.310462699736179015e-01
5.814153625273204007e-01
5.317263140292638468e-01
4.819840933429256902e-01
4.321936746488876935e-01
3.823600369475626537e-01
3.324881635611575126e-01
2.825830416354864760e-01
2.326496616411192209e-01
1.826930168744619887e-01
1.327181029583786864e-01
8.272991734257983953e-02
3.273345880400588270e-02
-1.726627305318845229e-02
-6.726427829744822950e-02
-1.172555571699493704e-01
-1.672351105844284425e-01
-2.171979406272289415e-01
-2.671390510569643939e-01
-3.170534478041914794e-01
-3.669361394708662294e-01
-4.167821378293553591e-01
-4.665864583213964467e-01
-5.163441205564085479e-01
-5.660501488096679745e-01
-6.156995725197532687e-01
-6.652874267856502266e-01
-7.148087528632905974e-01
-7.642585986612990823e-01
-8.136320192363389880e-01
-8.629240772874622323e-01
-9.121298436499749585e-01
-9.612443977882112467e-01
-1.010262828287720405e+00
-1.059180233346283639e+00
-1.107991721264141916e+00
-1.156692410933214621e+00
-1.205277432325083886e+00
-1.253741926978132248e+00
-1.302081048483247461e+00
-1.350289962968594937e+00
-1.398363849582866525e+00
-1.446297900977496109e+00
-1.494087323787272270e+00
-1.541727339109721706e+00
-1.589213182983044925e+00
-1.636540106862393262e+00
-1.683703378094850933e+00
-1.730698280392564126e+00
-1.777520114304498300e+00
-1.824164197686263922e+00
-1.870625866168375895e+00
-1.916900473622737078e+00
-1.962983392627131618e+00
-2.008870014928093806e+00
-2.054555751901599780e+00
-2.100036035012055713e+00
-2.145306316269018687e+00
-2.190362068682119912e+00
-2.235198786713648467e+00
-2.279811986729149531e+00
-2.324197207445830138e+00
-2.368350010378575288e+00
-2.412265980283916811e+00
-2.455940725601429175e+00
-2.499369878893006991e+00
-2.542549097279481529e+00
-2.585474062875027901e+00
-2.628140483218840195e+00
-2.670544091704425860e+00
-2.712680648006302153e+00
-2.754545938503922820e+00
-2.796135776703154718e+00
-2.837446003654807036e+00
-2.878472488370639404e+00
-2.919211128236352870e+00
-2.959657849421896803e+00
-2.999808607288886542e+00
-3.039659386794964391e+00
-3.079206202895417910e+00
-3.118445100941565240e+00
-3.157372157076328012e+00
-3.195983478626503338e+00
-3.234275204492140787e+00
-3.272243505532549612e+00
-3.309884584949251529e+00
-3.347194678665700529e+00
-3.384170055703588531e+00
-3.420807018556052626e+00
-3.457101903557310507e+00
-3.493051081249133993e+00
-3.528650956743686340e+00
-3.563897970083109712e+00
-3.598788596595428935e+00
-3.633319347247057518e+00
-3.667486768991730095e+00
-3.701287445115719610e+00
-3.734717995579605709e+00
-3.767775077356176450e+00
-3.800455384764825251e+00
-3.832755649802033204e+00
-3.864672642468201857e+00
-3.896203171090685480e+00
-3.927344082642872714e+00
-3.958092263059583615e+00
-3.988444637548376637e+00
-4.018398170897118149e+00
-4.047949867777413502e+00
-4.077096773044221578e+00
-4.105835972031295356e+00
-4.134164590842673626e+00
-4.162079796640103524e+00
-4.189578797926247766e+00
-4.216658844823913732e+00
-4.243317229350957120e+00
-4.269551285691162157e+00
-4.295358390460735976e+00
-4.320735962970725375e+00
-4.345681465485019324e+00
-4.370192403474145948e+00
-4.394266325864747635e+00
-4.417900825284631239e+00
-4.441093538303566568e+00
-4.463842145669562278e+00
-4.486144372540855407e+00
-4.507997988713334792e+00
-4.529400808843588422e+00
-4.550350692667452179e+00
-4.570845545213988892e+00
-4.590883317015037157e+00
-4.610462004310099893e+00
-4.629579649246776896e+00
-4.648234340076492721e+00
-4.666424211345724160e+00
-4.684147444082493728e+00
-4.701402265978292583e+00
-4.718186951565320975e+00
-4.734499822388997359e+00
-4.750339247175843660e+00
-4.765703641996569928e+00
-4.780591470424507605e+00
-4.795001243689216430e+00
-4.808931520825371564e+00
-4.822380908816879419e+00
-4.835348062736137820e+00
-4.847831685878571051e+00
-4.859830529892256834e+00
-4.871343394902804214e+00
-4.882369129633296723e+00
-4.892906631519457150e+00
-4.902954846819873147e+00
-4.912512770721385813e+00
-4.921579447439578203e+00
-4.930153970314324674e+00
-4.938235481900490775e+00
-4.945823174053646909e+00
-4.952916288010905888e+00
-4.959514114466777812e+00
-4.965615993644119541e+00
-4.971221315360096149e+00
-4.976329519087206776e+00
-4.980940094009336683e+00
-4.985052579072833723e+00
-4.988666563032621681e+00
-4.991781684493314053e+00
-4.994397631945362015e+00
-4.996514143796199292e+00
-4.998131008396404340e+00
-4.999248064060865637e+00
-4.999865199084946532e+00
-4.999982351755659415e+00
-4.999599510357835008e+00
-4.998716713175293869e+00
-4.997334048487019231e+00
-4.995451654558325849e+00
-4.993069719627039049e+00
-4.990188481884668015e+00
-4.986808229452583952e+00
-4.982929300353216462e+00
-4.978552082476237928e+00
-4.973677013539793634e+00
-4.968304581046711021e+00
-4.962435322235766222e+00
-4.956069824027943937e+00
-4.949208722967762597e+00
-4.941852705159615056e+00
-4.934002506199145266e+00
-4.925658911099713322e+00
-4.916822754213870716e+00
-4.907494919149948842e+00
-4.897676338683672803e+00
-4.887367994664913340e+00
-4.876570917919482717e+00
-4.865286188146052737e+00
-4.853514933808203757e+00
-4.841258332021551425e+00
-4.828517608436070141e+00
-4.815294037113492465e+00
-4.801588940399939887e+00
-4.787403688793652634e+00
-4.772739700807974828e+00
-4.757598442829492846e+00
-4.741981428971373980e+00
-4.725890220922002172e+00
-4.709326427788760761e+00
-4.692291705937171820e+00
-4.674787758825213579e+00
-4.656816336833021985e+00
-4.638379237087808526e+00
-4.619478303284188847e+00
-4.600115425499800459e+00
-4.580292540006271729e+00
-4.560011629075646944e+00
-4.539274720782104922e+00
-4.518083888799208303e+00
-4.496441252192481031e+00
-4.474348975207557366e+00
-4.451809267053731034e+00
-4.428824381683021727e+00
-4.405396617564825590e+00
-4.381528317456016453e+00
-4.357221868166732293e+00
-4.332479700321628435e+00
-4.307304288116889701e+00
-4.281698149072737714e+00
-4.255663843781748668e+00
-4.229203975652765735e+00
-4.202321190650532223e+00
-4.175018177031166289e+00
-4.147297665073257811e+00
-4.119162426804921395e+00
-4.090615275726518618e+00
-4.061659066529388795e+00
-4.032296694810299620e+00
-4.002531096781965836e+00
-3.972365248979394803e+00
-3.941802167962209502e+00
-3.910844910013062670e+00
-3.879496570831930224e+00
-3.847760285226628607e+00
-3.815639226799249606e+00
-3.783136607628879045e+00
-3.750255677950360411e+00
-3.716999725829237988e+00
-3.683372076833033582e+00
-3.649376093698601053e+00
-3.615015175995947239e+00
-3.580292759788183510e+00
-3.545212317288020998e+00
-3.509777356510451085e+00
-3.473991420922034834e+00
-3.437858089086522462e+00
-3.401380974306960070e+00
-3.364563724264455491e+00
-3.327410020653304823e+00
-3.289923578812934402e+00
-3.252108147356263412e+00
-3.213967507794951217e+00
-3.175505474161143482e+00
-3.136725892626164747e+00
-3.097632641115867003e+00
-3.058229628922796373e+00
-3.018520796315363075e+00
-2.978510114143709586e+00
-2.938201583442739739e+00
-2.897599235031904641e+00
-2.856707129112223686e+00
-2.815529354860228040e+00
-2.774070030018997990e+00
-2.732333300486498029e+00
-2.690323339900871247e+00
-2.648044349223198424e+00
-2.605500556317284389e+00
-2.562696215526997001e+00
-2.519635607250714671e+00
-2.476323037513396663e+00
-2.432762837535938694e+00
-2.388959363302006977e+00
-2.344916995122553249e+00
-2.300640137197662582e+00
-2.256133217176262029e+00
-2.211400685713232228e+00
-2.166447016024475314e+00
-2.121276703439466171e+00
-2.075894264951837709e+00
-2.030304238767636438e+00
-1.984511183851456639e+00
-1.938519679470661838e+00
-1.892334324737331430e+00
-1.845959738148483797e+00
-1.799400557124099187e+00
-1.752661437543497902e+00
-1.705747053279704994e+00
-1.658662095732018615e+00
-1.611411273356989637e+00
-1.563999311197446396e+00
-1.516430950410128542e+00
-1.468710947791441512e+00
-1.420844075301913589e+00
-1.372835119588871278e+00
-1.324688881507895655e+00
-1.276410175642689993e+00
-1.228003829823574256e+00
-1.179474684644826965e+00
-1.130827592980489849e+00
-1.082067419499225469e+00
-1.033199040177713357e+00
-9.842273418131973761e-01
-9.351572215346694028e-01
-8.859935863132829548e-01
-8.367413524716081907e-01
-7.874054451919509923e-01
-7.379907980239609477e-01
-6.885023523911414367e-01
-6.389450570968503440e-01
-5.893238678292844757e-01
-5.396437466660372051e-01
-4.899096615778426034e-01
-4.401265859317292639e-01
-3.902994979938113063e-01
-3.404333804313248169e-01
-2.905332198145064715e-01
-2.406040061177991407e-01
-1.906507322210004296e-01
-1.406783934098369271e-01
-9.069198687656407354e-02
-4.069651122019771194e-02
9.303034053394772934e-03
5.930164903131666942e-02
1.092943338937710507e-01
1.592760894138966488e-01
2.092419174578281915e-01
2.591868214843639495e-01
3.091058070447572637e-01
3.589938822820334385e-01
4.088460584302242018e-01
4.586573503132935770e-01
5.084227768435272132e-01
5.581373615197783300e-01
6.077961329249726985e-01
6.573941252233873600e-01
7.069263786571061692e-01
7.563879400420452370e-01
8.057738632633186793e-01
8.550792097697244021e-01
9.042990490677340620e-01
9.534284592143995596e-01
1.002462527309682327e+00
1.051396349987599121e+00
1.100225033906695460e+00
1.148943696239252077e+00
1.197547465159617408e+00
1.246031480331437180e+00
1.294390893393562392e+00
1.342620868445020932e+00
1.390716582528464862e+00
1.438673226112599846e+00
1.486486003572996539e+00
1.534150133671787541e+00
1.581660850035665256e+00
1.629013401632568803e+00
1.676203053246832830e+00
1.723225085952586388e+00
1.770074797585777571e+00
1.816747503214251047e+00
1.863238535606370760e+00
1.909543245697623348e+00
1.955657003055570664e+00
2.001575196342937346e+00
2.047293233778627375e+00
2.092806543597027780e+00
2.138110574505051709e+00
2.183200796137394484e+00
2.228072699509435317e+00
2.272721797468261862e+00
2.317143625141270480e+00
2.361333740382695723e+00
2.405287724217870071e+00
2.449001181285006545e+00
2.492469740274857237e+00
2.535689054367717077e+00
2.578654801668221808e+00
2.621362685637416590e+00
2.663808435522524221e+00
2.705987806783913374e+00
2.747896581519591042e+00
2.789530568887037543e+00
2.830885605522181603e+00
2.871957555955852115e+00
2.912742313027201657e+00
2.953235798294540526e+00
2.993433962443071472e+00
3.033332785689864419e+00
3.072928278185870887e+00
3.112216480414810249e+00
3.151193463589226251e+00
3.189855330043255943e+00
3.228198213622499146e+00
3.266218280070521729e+00
3.303911727412391475e+00
3.341274786334769598e+00
3.378303720562887857e+00
3.414994827234206554e+00
3.451344437268608623e+00
3.487348915735406951e+00
3.523004662216733696e+00
3.558308111167678867e+00
3.593255732272741643e+00
3.627844030798959007e+00
3.662069547945290271e+00
3.695928861188529257e+00
3.729418584625591393e+00
3.762535369312018041e+00
3.795275903596960099e+00
3.827636913454251388e+00
3.859615162809895139e+00
3.891207453865592747e+00
3.922410627418555062e+00
3.953221563177450992e+00
3.983637180074358852e+00
4.013654436572956286e+00
4.043270330972586812e+00
4.072481901708510321e+00
4.101286227647977789e+00
4.129680428382417112e+00
4.157661664515407196e+00
4.185227137946641918e+00
4.212374092151770277e+00
4.239099812457973293e+00
4.265401626315511230e+00
4.291276903564898326e+00
4.316723056699990124e+00
4.341737541126660105e+00
4.366317855417328531e+00
4.390461541561041514e+00
4.414166185209295712e+00
4.437429415917496733e+00
4.460248907381943795e+00
4.482622377672521807e+00
4.504547589460830892e+00
4.526022350243978920e+00
4.547044512563775065e+00
4.567611974221498450e+00
4.587722678488137973e+00
4.607374614310010941e+00
4.626565816509925710e+00
4.645294365983642315e+00
4.663558389891831801e+00
4.681356061847312233e+00
4.698685602097731007e+00
4.715545277703498073e+00
4.731933402711096193e+00
4.747848338321694506e+00
4.763288493054981920e+00
4.778252322908363325e+00
4.792738331511311678e+00
4.806745070275050047e+00
4.820271138537362887e+00
4.833315183702707074e+00
4.845875901377429074e+00
4.857952035500225030e+00
4.869542378467755839e+00
4.880645771255373688e+00
4.891261103533062204e+00
4.901387313776430332e+00
4.911023389372900283e+00
4.920168366722938558e+00
4.928821331336428635e+00
4.936981417924124926e+00
4.944647810484163131e+00
4.951819742383682055e+00
4.958496496435463641e+00
4.964677404969669361e+00
4.970361849900593931e+00
4.975549262788485194e+00
4.980239124896374214e+00
4.984430967241958221e+00
4.988124370644497318e+00
4.991318965766727622e+00
4.994014433151799714e+00
4.996210503255221980e+00
4.997906956471814155e+00
4.999103623157666654e+00
4.999800383647110102e+00
4.999997168264674663e+00
4.999693957332063121e+00
4.998890781170116426e+00
4.997587720095781449e+00
4.995784904414079186e+00
4.993482514405076067e+00
4.990680780305853048e+00
4.987379982287485802e+00
4.983580450427027131e+00
4.979282564674495148e+00
4.974486754814885003e+00
4.969193500425184595e+00
4.963403330826422710e+00
4.957116825030732699e+00
4.950334611683458341e+00
4.943057369000278811e+00
4.935285824699398916e+00
4.927020755928777973e+00
4.918262989188396439e+00
4.909013400247639325e+00
4.899272914057684503e+00
4.889042504659041555e+00
4.878323195084116826e+00
4.867116057254944117e+00
4.855422211875957572e+00
4.843242828321955962e+00
4.830579124521148238e+00
4.817432366833353186e+00
4.803803869923393144e+00
4.789694996629592083e+00
4.775107157827532589e+00
4.760041812288927865e+00
4.744500466535782834e+00
4.728484674689726219e+00
4.711996038316586422e+00
4.695036206266270717e+00
4.677606874507839407e+00
4.659709785959956108e+00
4.641346730316549873e+00
4.622519543867894320e+00
4.603230109316930552e+00
4.583480355591048827e+00
4.563272257649169106e+00
4.542607836284231482e+00
4.521489157921166679e+00
4.499918334410197396e+00
4.477897522815713849e+00
4.455428925200509482e+00
4.432514788405638839e+00
4.409157403825669341e+00
4.385359107179603200e+00
4.361122278277280273e+00
4.336449340781378226e+00
4.311342761965102355e+00
4.285805052465394560e+00
4.259838766031942114e+00
4.233446499271730445e+00
4.206630891389452565e+00
4.179394623923558427e+00
4.151740420478080118e+00
4.123671046450335886e+00
4.095189308754317636e+00
4.066298055540079837e+00
4.037000175908849187e+00
4.007298599624194324e+00
3.977196296818969579e+00
3.946696277698382271e+00
3.915801592238938422e+00
3.884515329883416968e+00
3.852840619232003494e+00
3.820780627729345902e+00
3.788338561347899702e+00
3.755517664267245426e+00
3.722321218549764055e+00
3.688752543812339635e+00
3.654814996894484302e+00
3.620511971522620165e+00
3.585846897970675240e+00
3.550823242717141781e+00
3.515444508098333198e+00
3.479714231958253912e+00
3.443635987294719758e+00
3.407213381902142402e+00
3.370450058010722838e+00
3.333349691922187663e+00
3.295915993642256403e+00
3.258152706509535257e+00
3.220063606821294222e+00
3.181652503455734582e+00
3.142923237491212163e+00
3.103879681822020231e+00
3.064525740771204099e+00
3.024865349700087691e+00
2.984902474614700374e+00
2.944641111769275454e+00
2.904085287266519266e+00
2.863239056655113579e+00
2.822106504524052539e+00
2.780691744094301310e+00
2.738998916807361184e+00
2.697032191911232335e+00
2.654795766043446470e+00
2.612293862811362999e+00
2.569530732369917914e+00
2.526510650996489638e+00
2.483237920663395215e+00
2.439716868607577194e+00
2.395951846897989235e+00
2.351947232000346499e+00
2.307707424339437985e+00
2.263236847859193990e+00
2.218539949580172532e+00
2.173621199154986527e+00
2.128485088421214311e+00
2.083136130952347287e+00
2.037578861606309744e+00
1.991817836072088399e+00
1.945857630414118633e+00
1.899702840614634125e+00
1.853358082114184846e+00
1.806827989349967245e+00
1.760117215292516413e+00
1.713230430980279273e+00
1.666172325052648118e+00
1.618947603280967096e+00
1.571560988098076539e+00
1.524017218126022755e+00
1.476321047702149558e+00
1.428477246403786705e+00
1.380490598571160188e+00
1.332365902829098392e+00
1.284107971607038046e+00
1.235721630657903081e+00
1.187211718575484465e+00
1.138583086310530623e+00
1.089840596685779150e+00
1.040989123909539238e+00
9.920335530884138997e-01
9.429787797386540715e-01
8.938297092967508739e-01
8.445912566287562262e-01
7.952683455389222278e-01
7.458659082772733928e-01
6.963888850463320068e-01
6.468422235072258664e-01
5.972308782847848274e-01
5.475598104722235737e-01
4.978339871348957391e-01
4.480583808137323931e-01
3.982379690278506912e-01
3.483777337769301541e-01
2.984826610429633931e-01
2.485577402916093470e-01
1.986079639733746016e-01
1.486383270242309096e-01
9.865382636626737756e-02
4.865946040786071902e-02
-1.339771456037314266e-03
-5.133886934388845469e-02
-1.013328333876052090e-01
-1.513166642324091926e-01
-2.012853635369045158e-01
-2.512339344727655965e-01
-3.011573822245581233e-01
-3.510507144890740450e-01
-4.009089419747001726e-01
-4.507270789002183475e-01
-5.005001434934335247e-01
-5.502231584893991778e-01
-5.998911516280158729e-01
-6.494991561513950851e-01
-6.990422113003890159e-01
-7.485153628108037749e-01
-7.979136634086805291e-01
-8.472321733051599857e-01
-8.964659606903331301e-01
-9.456101022264723488e-01
-9.946596835404121206e-01
-1.043609799714861008e+00
-1.092455555779027421e+00
-1.141192067197975391e+00
-1.189814460361210857e+00
-1.238317873069918917e+00
-1.286697455023231074e+00
-1.334948368303302324e+00
-1.383065787858979379e+00
-1.431044901988438589e+00
-1.478880912820215388e+00
-1.526569036793123946e+00
-1.574104505134472642e+00
-1.621482564337074272e+00
-1.668698476634473238e+00
-1.715747520474768972e+00
-1.762624990992819329e+00
-1.809326200480602997e+00
-1.855846478856121529e+00
-1.902181174130271879e+00
-1.948325652872171299e+00
-1.994275300672366580e+00
-2.040025522604401065e+00
-2.085571743684190960e+00
-2.130909409327566895e+00
-2.176033985805778226e+00
-2.220940960698748246e+00
-2.265625843346442458e+00
-2.310084165297801473e+00
-2.354311480757710129e+00
-2.398303367031462852e+00
-2.442055424967076060e+00
-2.485563279395247349e+00
-2.528822579566760265e+00
-2.571828999587676634e+00
-2.614578238851802183e+00
-2.657066022470865985e+00
-2.699288101701882159e+00
-2.741240254372141916e+00
-2.782918285301323902e+00
-2.824318026721051922e+00
-2.865435338691713074e+00
-2.906266109516344898e+00
-2.946806256151920600e+00
-2.987051724617529658e+00
-3.026998490399893882e+00
-3.066642558855692702e+00
-3.105979965611147975e+00
-3.145006776958350070e+00
-3.183719090248672501e+00
-3.222113034283074384e+00
-3.260184769699119300e+00
-3.297930489355019645e+00
-3.335346418710237515e+00
-3.372428816203043578e+00
-3.409173973624576970e+00
-3.445578216489704193e+00
-3.481637904404500272e+00
-3.517349431430198958e+00
-3.552709226443881985e+00
-3.587713753495489488e+00
-3.622359512161510420e+00
-3.656643037894926618e+00
-3.690560902371757823e+00
-3.724109713833808399e+00
-3.757286117427878658e+00
-3.790086795541279141e+00
-3.822508468133509307e+00
-3.854547893064350195e+00
-3.886201866417986039e+00
-3.917467222823481698e+00
-3.948340835771229518e+00
-3.978819617925684504e+00
-4.008900521434018316e+00
-4.038580538230937655e+00
-4.067856700339516962e+00
-4.096726080167920614e+00
-4.125185790802245123e+00
-4.153232986295122942e+00
-4.180864861950396971e+00
-4.208078654603518487e+00
-4.234871642897890531e+00
-4.261241147557029763e+00
-4.287184531652426855e+00
-4.312699200867309735e+00
-4.337782603756001443e+00
-4.362432231999131993e+00
-4.386645620654403110e+00
-4.410420348403142121e+00
-4.433754037792379421e+00
-4.456644355472612062e+00
-4.479089012431163752e+00
-4.501085764221025798e+00
-4.522632411185365520e+00
-4.543726798677426792e+00
-4.564366817276054533e+00
-4.584550402996574014e+00
-4.604275537497246162e+00
-4.623540248281051923e+00
-4.642342608892961131e+00
-4.660680739112593507e+00
-4.678552805142194515e+00
-4.695957019790069964e+00
-4.712891642649244872e+00
-4.729354980271557096e+00
-4.745345386336957461e+00
-4.760861261818160273e+00
-4.775901055140558071e+00
-4.790463262337340211e+00
-4.804546427199934300e+00
-4.818149141423576864e+00
-4.831270044748194437e+00
-4.843907825094377451e+00
-4.856061218694630810e+00
-4.867729010219719932e+00
-4.878910032900209970e+00
-4.889603168643158249e+00
-4.899807348143895069e+00
-4.909521550992979932e+00
-4.918744805778215934e+00
-4.927476190181818261e+00
-4.935714831072615993e+00
-4.943459904593391130e+00
-4.950710636243242035e+00
-4.957466300955045924e+00
-4.963726223167964413e+00
-4.969489776894988609e+00
-4.974756385785552126e+00
-4.979525523183153446e+00
-4.983796712178028443e+00
-4.987569525654834912e+00
-4.990843586335368620e+00
-4.993618566816293125e+00
-4.995894189601869151e+00
-4.997670227131717269e+00
-4.998946501803564146e+00
-4.999722885991005228e+00
-4.999999302056268746e+00
-4.999775722357978402e+00
-4.999052169253918265e+00
-4.997828715098796337e+00
-4.996105482237006790e+00
-4.993882642990402410e+00
-4.991160419641052393e+00
-4.987939084409026336e+00
-4.984218959425160023e+00
-4.980000416698854515e+00
-4.975283878080864142e+00
-4.970069815221122234e+00
-4.964358749521569969e+00
-4.958151252084016747e+00
-4.951447943653034756e+00
-4.944249494553878854e+00
-4.936556624625464629e+00
-4.928370103148368209e+00
-4.919690748767918009e+00
-4.910519429412322445e+00
-4.900857062205869141e+00
-4.890704613377232945e+00
-4.880063098162827906e+00
-4.868933580705316899e+00
-4.857317173947162559e+00
-4.845215039519367828e+00
-4.832628387625282684e+00
-4.819558476919612033e+00
-4.806006614382539510e+00
-4.791974155189015150e+00
-4.777462502573276204e+00
-4.762473107688480312e+00
-4.747007469461635765e+00
-4.731067134443665445e+00
-4.714653696654792725e+00
-4.697768797425126763e+00
-4.680414125230505817e+00
-4.662591415523699823e+00
-4.644302450560815032e+00
-4.625549059223120985e+00
-4.606333116834107955e+00
-4.586656544972017358e+00
-4.566521311277623063e+00
-4.545929429257522969e+00
-4.524882958082766748e+00
-4.503384002382916584e+00
-4.481434712035644807e+00
-4.459037281951677478e+00
-4.436193951855375239e+00
-4.412907006060694748e+00
-4.389178773242827347e+00
-4.365011626205264506e+00
-4.340407981642576907e+00
-4.315370299898729556e+00
-4.289901084721013724e+00
-4.264002883009739620e+00
-4.237678284563479281e+00
-4.210929921820159905e+00
-4.183760469593744702e+00
-4.156172644806825467e+00
-4.128169206218901266e+00
-4.099752954150474693e+00
-4.070926730203092703e+00
-4.041693416975107311e+00
-4.012055937773501668e+00
-3.982017256321477294e+00
-3.951580376462167532e+00
-3.920748341858173891e+00
-3.889524235687273901e+00
-3.857911180334075318e+00
-3.825912337077747694e+00
-3.793530905775972517e+00
-3.760770124544874360e+00
-3.727633269435297603e+00
-3.694123654105116561e+00
-3.660244629487962698e+00
-3.625999583458041631e+00
-3.591391940491431178e+00
-3.556425161323600204e+00
