0.000000000000000000e+00
9.999833334166664811e-02
1.999866669333308089e-01
2.999550020249566185e-01
3.998933418663416228e-01
4.997916927067833082e-01
5.996400647944459816e-01
6.994284733753276528e-01
7.991469396917270096e-01
8.987854919801103737e-01
9.983341664682815475e-01
1.097783008371748137e+00
1.197122072889193589e+00
1.296341426196948587e+00
1.395431146442364989e+00
1.494381324735992056e+00
1.593182066142459830e+00
1.691823490669960295e+00
1.790295734258241733e+00
1.888588949765005687e+00
1.986693307950612164e+00
2.084598998460995389e+00
2.182296230808693061e+00
2.279775235351884088e+00
2.377026264271346001e+00
2.474039592545229205e+00
2.570805518921551069e+00
2.667314366888311472e+00
2.763556485641137428e+00
2.859522251048355557e+00
2.955202066613395573e+00
3.050586364434435094e+00
3.145665606161177408e+00
3.240430283948683599e+00
3.334870921408144007e+00
3.428978074554513977e+00
3.522742332750899319e+00
3.616154319649619975e+00
3.709204694129826674e+00
3.801884151231614162e+00
3.894183423086505336e+00
3.986093279844229453e+00
4.077604530595701604e+00
4.168708024292107517e+00
4.259394650659996451e+00
4.349655341112302231e+00
4.439481069655197842e+00
4.528862853790683651e+00
4.617791755414828891e+00
4.706258881711580244e+00
4.794255386042030054e+00
4.881772468829074896e+00
4.968801378437367688e+00
5.055333412048469199e+00
5.141359916531131447e+00
5.226872289306592201e+00
5.311861979208833517e+00
5.396320487339693273e+00
5.480239367918735560e+00
5.563610229127837314e+00
5.646424733950353492e+00
5.728674601004812850e+00
5.810351605373051065e+00
5.891447579422695036e+00
5.971954413623921099e+00
6.051864057360395677e+00
6.131168519734337963e+00
6.209859870365597168e+00
6.287930240184685715e+00
6.365371822219679565e+00
6.442176872376911057e+00
6.518337710215366343e+00
6.593846719714731464e+00
6.668696350036978693e+00
6.742879116281450536e+00
6.816387600233341004e+00
6.889214451105512893e+00
6.961352386273568449e+00
7.032794192004102385e+00
7.103532724176078617e+00
7.173560908995227692e+00
7.242871743701425835e+00
7.311458297268958795e+00
7.379313711099627859e+00
7.446431199708593240e+00
7.512804051402927286e+00
7.578425628952770055e+00
7.643289370255050841e+00
7.707388788989693040e+00
7.770717475268238417e+00
7.833269096274833920e+00
7.895037396899504678e+00
7.956016200363659863e+00
8.016199408837771045e+00
8.075581004051143097e+00
8.134155047893736779e+00
8.191915683009982629e+00
8.248857133384500884e+00
8.304973704919705213e+00
8.360259786005205029e+00
8.414709848078965493e+00
8.468318446180152392e+00
8.521080219493629926e+00
8.572989891886033220e+00
8.624042272433383616e+00
8.674232255940170333e+00
8.723554823449862994e+00
8.772005042746815917e+00
8.819578068849475372e+00
8.866269144494872023e+00
8.912073600614354163e+00
8.956986856800476460e+00
9.001004421765051333e+00
9.044121893788259925e+00
9.086334961158833323e+00
9.127639402605211671e+00
9.168031087717668726e+00
9.207505977361357452e+00
9.246060124080203835e+00
9.283689672491666656e+00
9.320390859672261996e+00
9.356160015533859564e+00
9.390993563190676241e+00
9.424888019316973953e+00
9.457839994495389035e+00
9.489846193555862897e+00
9.520903415905157985e+00
9.551008555846923542e+00
9.580158602892248965e+00
9.608350642060726088e+00
9.635581854171929805e+00
9.661849516127340110e+00
9.687151001182654042e+00
9.711483779210446698e+00
9.734845416953193720e+00
9.757233578266591323e+00
9.778646024353163213e+00
9.799080613986141941e+00
9.818535303723598062e+00
9.837008148112765582e+00
9.854497299884602768e+00
9.871001010138503062e+00
9.886517628517196954e+00
9.901045603371777304e+00
9.914583481916864116e+00
9.927129910375885657e+00
9.938683634116449284e+00
9.949243497775809075e+00
9.958808445376400087e+00
9.967377520431433879e+00
9.974949866040544677e+00
9.981524724975480822e+00
9.987101439755829091e+00
9.991679452714759435e+00
9.995258306054790154e+00
9.997837641893569938e+00
9.999417202299662577e+00
9.999996829318346769e+00
9.999576464987400826e+00
9.998156151342907805e+00
9.995736030415050877e+00
9.992316344213904244e+00
9.987897434705239164e+00
9.982479743776323744e+00
9.976063813191736074e+00
9.968650284539188888e+00
9.960239899165367561e+00
9.950833498101802732e+00
9.940432021980759814e+00
9.929036510941184446e+00
9.916648104524686147e+00
9.903268041561579693e+00
9.888897660047014426e+00
9.873538397007164846e+00
9.857191788355535778e+00
9.839859468739369674e+00
9.821543171376184489e+00
9.802244727880454533e+00
9.781966068080446775e+00
9.760709219825242755e+00
9.738476308781951474e+00
9.715269558223152302e+00
9.691091288804562609e+00
9.665943918332974505e+00
9.639829961524480240e+00
9.612752029752998695e+00
9.584712830789142046e+00
9.555715168529438586e+00
9.525761942715952557e+00
9.494856148646304561e+00
9.463000876874144041e+00
9.430199312900104047e+00
9.396454736853248946e+00
9.361770523163061242e+00
9.326150140222004836e+00
9.289597150038693130e+00
9.252115207881683290e+00
9.213708061913955305e+00
9.174379552818098915e+00
9.134133613412252828e+00
9.092974268256817538e+00
9.050905633252009252e+00
9.007931915226272679e+00
8.964057411515597096e+00
8.919286509533796092e+00
8.873623686333754534e+00
8.827073508159740456e+00
8.779640629990781875e+00
8.731329795075165379e+00
8.682145834456125755e+00
8.632093666488737327e+00
8.581178296348088708e+00
8.529404815528762285e+00
8.476778401335698376e+00
8.423304316366456490e+00
8.368987907984978492e+00
8.313834607786830588e+00
8.257849931056080450e+00
8.201039476213740187e+00
8.143408924257959924e+00
8.084964038195900926e+00
8.025710662467473000e+00
7.965654722360865136e+00
7.904802223420047902e+00
7.843159250844199626e+00
7.780731968879211813e+00
7.717526620201256904e+00
7.653549525292535627e+00
7.588807081809218147e+00
7.523305763941707802e+00
7.457052121767199893e+00
7.390052780594709603e+00
7.322314440302513994e+00
7.253843874668195468e+00
7.184647930691262729e+00
7.114733527908443378e+00
7.044107657701762726e+00
6.972777382599377738e+00
6.900749835569364166e+00
6.828032219306397366e+00
6.754631805511510656e+00
6.680555934164909004e+00
6.605812012792007692e+00
6.530407515722647993e+00
6.454349983343707464e+00
6.377647021345036471e+00
6.300306299958922551e+00
6.222335553193047097e+00
6.143742578057117321e+00
6.064535233783146850e+00
5.984721441039564382e+00
5.904309181139126395e+00
5.823306495240818670e+00
5.741721483545722649e+00
5.659562304487027795e+00
5.576837173914166002e+00
5.493554364271266088e+00
5.409722203769885773e+00
5.325349075556211176e+00
5.240443416872761162e+00
5.155013718214641827e+00
5.069068522480534078e+00
4.982616424118385900e+00
4.895666068265994930e+00
4.808226149886482226e+00
4.720305412898825992e+00
4.631912649303451701e+00
4.543056698303064245e+00
4.453746445418711453e+00
4.363990821601262837e+00
4.273798802338298231e+00
4.183179406756590168e+00
4.092141696720172916e+00
4.000694775924195312e+00
3.908847788984521898e+00
3.816609920523317268e+00
3.723990394250553226e+00
3.630998472041683023e+00
3.537643453011427130e+00
3.443934672583899737e+00
3.349881501559046626e+00
3.255493345175600073e+00
3.160779642170537862e+00
3.065749863835229405e+00
2.970413513068324018e+00
2.874780123425443978e+00
2.778859258165867985e+00
2.682660509296179274e+00
2.586193496611108422e+00
2.489467866731525536e+00
2.392493292139824312e+00
2.295279470212642003e+00
2.197836122251169311e+00
2.100172992508991587e+00
2.002299847217705153e+00
1.904226473610270531e+00
1.805962678942329092e+00
1.707518289511453347e+00
1.608903149674557609e+00
1.510127120863438366e+00
1.411200080598672191e+00
1.312131921501837883e+00
1.212932550306297541e+00
1.113611886866495926e+00
1.014179863166018603e+00
9.146464223243675473e-01
8.150215176026911479e-01
7.153151114084326245e-01
6.155371742991314621e-01
5.156976839853464334e-01
4.158066243329049394e-01
3.158739843645389511e-01
2.159097572609595950e-01
1.159239393615827535e-01
1.592652916486828052e-02
-8.407247367148618089e-02
-1.840630693305380927e-01
-2.840352588360379182e-01
-3.839790450523538068e-01
-4.838844336841414684e-01
-5.837414342758008301e-01
-6.835400612104778340e-01
-7.832703347086529266e-01
-8.829222818260760164e-01
-9.824859374510868104e-01
-1.081951345301083833e+00
-1.181308558918177987e+00
-1.280547642663796726e+00
-1.379658672712272827e+00
-1.478631738043185262e+00
-1.577456941432486603e+00
-1.676124400442183138e+00
-1.774624248408605887e+00
-1.872946635429031614e+00
-1.971081729346698452e+00
-2.069019716733997871e+00
-2.166750803873796372e+00
-2.264265217738831382e+00
-2.361553206968969754e+00
-2.458605042846370381e+00
-2.555411020268312239e+00
-2.651961458717733588e+00
-2.748246703231240318e+00
-2.844257125364625161e+00
-2.939983124155676197e+00
-3.035415127084293285e+00
-3.130543591029701922e+00
-3.225359003224789856e+00
-3.319851882207340843e+00
-3.414012778768209522e+00
-3.507832276896198476e+00
-3.601300994719685455e+00
-3.694409585444771160e+00
-3.787148738289980443e+00
-3.879509179417302889e+00
-3.971481672859602075e+00
-4.063057021444167916e+00
-4.154226067712462722e+00
-4.244979694835826045e+00
-4.335308827527176945e+00
-4.425204432948524946e+00
-4.514657521614231506e+00
-4.603659148289983349e+00
-4.692200412887271632e+00
-4.780272461353428426e+00
-4.867866486556994055e+00
-4.954973729168449026e+00
-5.041585478536115161e+00
-5.127693073557237469e+00
-5.213287903544064683e+00
-5.298361409084933804e+00
-5.382905082900176552e+00
-5.466910470692871726e+00
-5.550369171994238293e+00
-5.633272841003700293e+00
-5.715613187423437047e+00
-5.797381977287431098e+00
-5.878571033784827371e+00
-5.959172238077642625e+00
-6.039177530112605830e+00
-6.118578909427192514e+00
-6.197368435949632826e+00
-6.275538230792935934e+00
-6.353080477042755803e+00
-6.429987420539088561e+00
-6.506251370651673582e+00
-6.581864701049049415e+00
-6.656819850461191734e+00
-6.731109323435616965e+00
-6.804725691086940031e+00
-6.877661591839737909e+00
-6.949909732164719856e+00
-7.021462887308054235e+00
-7.092313902013861693e+00
-7.162455691239705047e+00
-7.231881240865121185e+00
-7.300583608392995139e+00
-7.368555923643834049e+00
-7.435791389442746535e+00
-7.502283282299190503e+00
-7.568024953079283357e+00
-7.633009827670733216e+00
-7.697231407640243717e+00
-7.760683270883323104e+00
-7.823359072266527825e+00
-7.885252544261950547e+00
-7.946357497573973916e+00
-8.006667821758176373e+00
-8.066177485832405125e+00
-8.124880538879843073e+00
-8.182771110644102563e+00
-8.239843412116258037e+00
-8.296091736113709203e+00
-8.351510457850935154e+00
-8.406094035501945783e+00
-8.459837010754466036e+00
-8.512734009355744647e+00
-8.564779741650012213e+00
-8.615969003107405655e+00
-8.666296674844442549e+00
-8.715757724135881901e+00
-8.764347204918014000e+00
-8.812060258283253233e+00
-8.858892112966026744e+00
-8.904838085819884341e+00
-8.949893582285834981e+00
-8.994054096851776592e+00
-9.037315213503056555e+00
-9.079672606164054471e+00
-9.121122039130803216e+00
-9.161659367494548789e+00
-9.201280537556240091e+00
-9.239981587231879345e+00
-9.277758646448754476e+00
-9.314607937532425552e+00
-9.350525775584493715e+00
-9.385508568851077982e+00
-9.419552819082010586e+00
-9.452655121880633615e+00
-9.484812167044257336e+00
-9.516020738895161202e+00
-9.546277716602164176e+00
-9.575580074492711091e+00
-9.603924882355434178e+00
-9.631309305733166681e+00
-9.657730606206389012e+00
-9.683186141667071922e+00
-9.707673366582882934e+00
-9.731189832251738281e+00
-9.753733187046664810e+00
-9.775301176650970092e+00
-9.795891644283669208e+00
-9.815502530915155788e+00
-9.834131875473108408e+00
-9.851777815038595065e+00
-9.868438585032365040e+00
-9.884112519391305085e+00
-9.898798050735038601e+00
-9.912493710522669588e+00
-9.925198129199632291e+00
-9.936910036334644758e+00
-9.947628260746755657e+00
-9.957351730622454156e+00
-9.966079473622855289e+00
-9.973810616980932409e+00
-9.980544387588794919e+00
-9.986280112074988224e+00
-9.991017216871847850e+00
-9.994755228272840242e+00
-9.997493772479939977e+00
-9.999232575641007870e+00
-9.999971463877180611e+00
-9.999710363300245319e+00
-9.998449300020043395e+00
-9.996188400141853947e+00
-9.992927889753779880e+00
-9.988668094904141981e+00
-9.983409441568875664e+00
-9.977152455608933934e+00
-9.969897762717694789e+00
-9.961646088358406814e+00
-9.952398257691626782e+00
-9.942155195492713204e+00
-9.930917926059354528e+00
-9.918687573109126632e+00
-9.905465359667131153e+00
-9.891252607943698649e+00
-9.876050739202153039e+00
-9.859861273616703059e+00
-9.842685830120416313e+00
-9.824526126243323887e+00
-9.805383977940689277e+00
-9.785261299411384783e+00
-9.764160102906497940e+00
-9.742082498528091605e+00
-9.719030694018208294e+00
-9.695006994538088563e+00
-9.670013802437660289e+00
-9.644053617015304170e+00
-9.617129034267934529e+00
-9.589242746631384762e+00
-9.560397542711180918e+00
-9.530596307003674994e+00
-9.499842019607608989e+00
-9.468137755926090193e+00
-9.435486686359066510e+00
-9.401892075986284070e+00
-9.367357284240789284e+00
-9.331885764572975361e+00
-9.295481064105251434e+00
-9.258146823277321857e+00
-9.219886775482162733e+00
-9.180704746692670781e+00
-9.140604655079069829e+00
-9.099590510617105110e+00
-9.057666414687044920e+00
-9.014836559663548243e+00
-8.971105228496424999e+00
-8.926476794282345750e+00
-8.880955719827541728e+00
-8.834546557201530703e+00
-8.787253947281898903e+00
-8.739082619290224230e+00
-8.690037390319160338e+00
-8.640123164850743720e+00
-8.589344934265920273e+00
-8.537707776345433430e+00
-8.485216854762040128e+00
-8.431877418564168281e+00
-8.377694801650978462e+00
-8.322674422239012770e+00
-8.266821782320356249e+00
-8.210142467112470754e+00
-8.152642144499633758e+00
-8.094326564466193474e+00
-8.035201558521553267e+00
-7.975273039117043439e+00
-7.914546999054659970e+00
-7.853029510887806097e+00
-7.790726726314031403e+00
-7.727644875559871451e+00
-7.663790266757843916e+00
-7.599169285315610090e+00
-7.533788393277465190e+00
-7.467654128678123726e+00
-7.400773104888943799e+00
-7.333152009956565465e+00
-7.264797605934131042e+00
-7.195716728205074908e+00
-7.125916284799615141e+00
-7.055403255703919463e+00
-6.984184692162136443e+00
-6.912267715971265325e+00
-6.839659518769006574e+00
-6.766367361314569173e+00
-6.692398572762620290e+00
-6.617760549930369329e+00
-6.542460756557914259e+00
-6.466506722561834231e+00
-6.389906043282237214e+00
-6.312666378723209348e+00
-6.234795452786853431e+00
-6.156301052500863236e+00
-6.077191027239857490e+00
-5.997473287940437991e+00
-5.917155806310093524e+00
-5.836246614030073054e+00
-5.754753801952171344e+00
-5.672685519289686340e+00
-5.590049972802487943e+00
-5.506855425976375784e+00
-5.423110198196697596e+00
-5.338822663916442224e+00
-5.254001251818793072e+00
-5.168654443974287638e+00
-5.082790774992584026e+00
-4.996418831169024521e+00
-4.909547249626009524e+00
-4.822184717449315094e+00
-4.734339970819350540e+00
-4.646021794137573657e+00
-4.557239019148047632e+00
-4.468000524054300371e+00
-4.378315232631468490e+00
-4.288192113333958666e+00
-4.197640178398589050e+00
-4.106668482943408804e+00
-4.015286124062146023e+00
-3.923502239914538503e+00
-3.831326008812513173e+00
-3.738766648302360274e+00
-3.645833414243013326e+00
-3.552535599880426442e+00
-3.458882534918288343e+00
-3.364883584585042442e+00
-3.270548148697406177e+00
-3.175885660720348280e+00
-3.080905586823781128e+00
-2.985617424935935738e+00
-2.890030703793611266e+00
-2.794154981989258602e+00
-2.697999847015161823e+00
-2.601574914304680686e+00
-2.504889826270749076e+00
-2.407954251341592133e+00
-2.310777882993922283e+00
-2.213370438783586636e+00
-2.115741659373850503e+00
-2.017901307561289048e+00
-1.919859167299550196e+00
-1.821625042720950161e+00
-1.723208757156102555e+00
-1.624620152151541763e+00
-1.525869086485611481e+00
-1.426965435182577124e+00
-1.327919088525167268e+00
-1.228739951065500380e+00
-1.129437940634673732e+00
-1.030022987350978525e+00
-9.305050326268891059e-01
-8.308940281749639389e-01
-7.311999350126308084e-01
-6.314327224661276938e-01
-5.316023671735612410e-01
-4.317188520872867752e-01
-3.317921654755681682e-01
-2.318322999237945048e-01
-1.318492513352125250e-01
-3.185301793137990112e-02
6.814640074770175748e-02
1.681390048434971418e-01
2.681147951789323858e-01
3.680637742582691940e-01
4.679759472668988396e-01
5.678413230707805015e-01
6.676499152155634942e-01
7.673917429251891908e-01
8.670568321000132750e-01
9.666352163141723741e-01
1.066116937812235488e+00
1.165492048504936484e+00
1.264750610964026967e+00
1.363882699415976507e+00
1.462878400734549444e+00
1.561727815432119026e+00
1.660421058649572457e+00
1.758948261144840153e+00
1.857299570279778766e+00
1.955465151005442603e+00
2.053435186845546045e+00
2.151199880878155390e+00
2.248749456715337214e+00
2.346074159480807886e+00
2.443164256785377297e+00
2.540010039700231204e+00
2.636601823727783955e+00
2.732929949770132705e+00
2.828984785094929677e+00
2.924756724298696930e+00
3.020236190267323373e+00
3.115413635133786663e+00
3.210279541232897493e+00
3.304824422053109334e+00
3.399038823185127178e+00
3.492913323267357040e+00
3.586438534928003463e+00
3.679605105723846581e+00
3.772403719075443806e+00
3.864825095198793470e+00
3.956859992033308071e+00
4.048499206165983466e+00
4.139733573751779971e+00
4.230553971429968030e+00
4.320951317236471745e+00
4.410916571512023765e+00
4.500440737806176372e+00
4.589514863776902764e+00
4.678130042085842710e+00
4.766277411288994514e+00
4.853948156722902141e+00
4.941133511386081700e+00
5.027824756815727270e+00
5.114013223959523735e+00
5.199690294042587091e+00
5.284847399429307480e+00
5.369476024480118070e+00
5.453567706403019244e+00
5.537114036099906933e+00
5.620106659007429784e+00
5.702537275932466621e+00
5.784397643882002171e+00
5.865679576887464108e+00
5.946374946823286045e+00
6.026475684219723128e+00
6.105973779069790552e+00
6.184861281630239738e+00
6.263130303216558836e+00
6.340773016991814615e+00
6.417781658749337481e+00
6.494148527689111994e+00
6.569865987187890610e+00
6.644926465562820184e+00
6.719322456828621171e+00
6.793046521448148134e+00
6.866091287076384830e+00
6.938449449297636740e+00
7.010113772355986761e+00
7.081077089878837327e+00
7.151332305593578909e+00
7.220872394037184172e+00
7.289690401258765107e+00
7.357779445514935901e+00
7.425132717958017992e+00
7.491743483316893659e+00
7.557605080570542810e+00
7.622710923614111955e+00
7.687054501917558014e+00
7.750629381176670663e+00
7.813429203956499869e+00
7.875447690327109562e+00
7.936678638491531323e+00
7.997115925405982040e+00
8.056753507392132363e+00
8.115585420741487255e+00
8.173605782311728518e+00
8.230808790115055729e+00
8.287188723898353260e+00
8.342739945715235805e+00
8.397456900489800091e+00
8.451334116572173372e+00
8.504366206285643770e+00
8.556547866465439967e+00
8.607873878989016347e+00
8.658339111297898683e+00
8.707938516910910920e+00
8.756667135928827506e+00
8.804520095530342871e+00
8.851492610459382959e+00
8.897579983503597134e+00
8.942777605964089105e+00
8.987080958116269613e+00
9.030485609661848656e+00
9.072987220171839340e+00
9.114581539520612452e+00
9.155264408310895163e+00
9.195031758289706758e+00
9.233879612755188759e+00
9.271804086954269053e+00
9.308801388471136917e+00
9.344867817606459681e+00
9.379999767747388972e+00
9.414193725728182471e+00
9.447446272181540650e+00
9.479754081880525263e+00
9.511113924071089798e+00
9.541522662795147269e+00
9.570977257204173583e+00
9.599474761863261207e+00
9.627012327045701312e+00
9.653587199017918508e+00
9.679196720314864777e+00
9.703838330005750024e+00
9.727509563950137661e+00
9.750208055044362609e+00
9.771931533458230845e+00
9.792677826862000501e+00
9.812444860643621425e+00
9.831230658116187016e+00
9.849033340715608986e+00
9.865851128188458219e+00
9.881682338770003682e+00
9.896525389352380131e+00
9.910378795642898808e+00
9.923241172312474490e+00
9.935111233134158226e+00
9.945987791111761567e+00
9.955869758598547392e+00
9.964756147406006903e+00
9.972646068902658811e+00
9.979538734102931130e+00
9.985433453746049182e+00
9.990329638364960019e+00
9.994226798345279050e+00
9.997124543974258870e+00
9.999022585479751868e+00
9.999920733059187938e+00
9.999818896898556631e+00
9.998717087181390184e+00
9.996615414087742124e+00
9.993514087783170297e+00
9.989413418397720790e+00
9.984313815994914521e+00
9.978215790530743590e+00
9.971119951802670300e+00
9.963027009388657262e+00
9.953937772576198384e+00
9.943853150281404041e+00
9.932774150958097792e+00
9.920701882496979707e+00
9.907637552114834989e+00
9.893582466233818096e+00
9.878538030350799914e+00
9.862505748896836621e+00
9.845487225086710481e+00
9.827484160758618970e+00
9.808498356203994462e+00
9.788531709987474017e+00
9.767586218757035255e+00
9.745663977044349835e+00
9.722767177055320786e+00
9.698898108450862310e+00
9.674059158117948698e+00
9.648252809930909280e+00
9.621481644503063535e+00
9.593748338928641317e+00
9.565055666515091204e+00
9.535406496505743235e+00
9.504803793792888200e+00
9.473250618621300134e+00
9.440750126282196675e+00
9.407305566797731444e+00
9.372920284595975815e+00
9.337597718176507300e+00
9.301341399766526408e+00
9.264154954967661837e+00
9.226042102393401834e+00
9.187006653297247638e+00
9.147052511191574808e+00
9.106183671457303674e+00
9.064404220944339841e+00
9.021718337562933954e+00
8.978130289865845270e+00
8.933644436621520413e+00
8.888265226378210926e+00
8.841997197019127341e+00
8.794844975308649282e+00
8.746813276429652007e+00
8.697906903511990251e+00
8.648130747152219300e+00
8.597489784924482237e+00
8.545989080882804956e+00
8.493633785054672813e+00
8.440429132926039912e+00
8.386380444917783450e+00
8.331493125853659976e+00
8.275772664419839941e+00
8.219224632616022319e+00
8.161854685198283832e+00
8.103668559113547332e+00
8.044672072925935780e+00
7.984871126234902583e+00
7.924271699085283061e+00
7.862879851369291906e+00
7.800701722220543033e+00
7.737743529400122888e+00
7.674011568674873551e+00
7.609512213187743512e+00
7.544251912820534756e+00
7.478237193548898709e+00
7.411474656789751592e+00
7.343970978741134914e+00
7.275732909714597518e+00
7.206767273460168433e+00
7.137080966484024458e+00
7.066680957358779658e+00
6.995574286026680078e+00
6.923768063095604219e+00
6.851269469128006051e+00
6.778085753922868051e+00
6.704224235790722020e+00
6.629692300821820261e+00
6.554497402147574370e+00
6.478647059195176361e+00
6.402148856935713006e+00
6.325010445125663239e+00
6.247239537541924292e+00
6.168843911210447395e+00
6.089831405628535421e+00
6.010209921980903758e+00
5.929987422349550563e+00
5.849171928917616725e+00
5.767771523167084524e+00
5.685794345070696920e+00
5.603248592277947360e+00
5.520142519295329286e+00
5.436484436660884434e+00
5.352282710113161812e+00
5.267545759754633572e+00
5.182282059209751601e+00
5.096500134777503632e+00
5.010208564578846335e+00
4.923415977698891943e+00
4.836131053323999396e+00
4.748362519873871257e+00
4.660119154128711472e+00
4.571409780351542551e+00
4.482243269405849162e+00
4.392628537868406013e+00
4.302574547137687055e+00
4.212090302537721875e+00
4.121184852417566269e+00
4.029867287246477581e+00
3.938146738704876526e+00
3.846032378771182536e+00
3.753533418804610999e+00
3.660659108624110480e+00
3.567418735583285816e+00
3.473821623641742296e+00
3.379877132432675957e+00
3.285594656326921825e+00
3.190983623493521382e+00
3.096053494956914953e+00
3.000813763650832300e+00
2.905273953469071913e+00
2.809443618313017588e+00
2.713332341136327486e+00
2.616949732986626032e+00
2.520305432044410043e+00
2.423409102659237924e+00
2.326270434383300056e+00
2.228899141002459228e+00
2.131304959564944923e+00
2.033497649407555841e+00
1.935486991179801830e+00
1.837282785865830048e+00
1.738894853804335616e+00
1.640333033706534938e+00
1.541607181672303151e+00
1.442727170204572751e+00
1.343702887222073095e+00
1.244544235070617066e+00
1.145261129532770816e+00
1.045863498836352656e+00
9.463612826616005780e-01
8.467644311472142249e-01
7.470829038953477053e-01
6.473266689756589365e-01
5.475057019284917947e-01
4.476299847674027887e-01
3.477095049808608396e-01
2.477542545335776336e-01
1.477742288673023485e-01
4.777942590128511635e-02
-5.222015496750620489e-02
-1.522145138643174189e-01
-2.521936514366049931e-01
-3.521475698538917842e-01
-4.520662738076485776e-01
-5.519397715107451363e-01
-6.517580756966390165e-01
-7.515112046180929539e-01
-8.511891830453426344e-01
-9.507820432636094887e-01
-1.050279826069866029e+00
-1.149672581768763191e+00
-1.248950371167523166e+00
-1.348103266569955050e+00
-1.447121352769145330e+00
-1.545994728038989408e+00
-1.644713505124354214e+00
-1.743267812229796432e+00
-1.841647794006734173e+00
-1.939843612538989737e+00
-2.037845448326505160e+00
-2.135643501267386668e+00
-2.233227991637838805e+00
-2.330589161070144133e+00
-2.427717273528493536e+00
-2.524602616282580758e+00
-2.621235500878869029e+00
-2.717606264109441838e+00
-2.813705268978250462e+00
-2.909522905664907899e+00
-3.005049592485593557e+00
-3.100275776851230347e+00
-3.195191936222736562e+00
-3.289788579063271268e+00
-3.384056245787381290e+00
-3.477985509706949863e+00
-3.571566977973876345e+00
-3.664791292519284482e+00
-3.757649130989422659e+00
-3.850131207677826684e+00
-3.942228274453894343e+00
-4.033931121687696297e+00
-4.125230579170927392e+00
-4.216117517033922013e+00
-4.306582846658648656e+00
-4.396617521587500299e+00
-4.486212538428029362e+00
-4.575358937753214228e+00
-4.664047804997409230e+00
-4.752270271347798669e+00
-4.840017514631264284e+00
-4.927280760196602216e+00
-5.014051281791989112e+00
-5.100320402437543699e+00
-5.186079495293107300e+00
-5.271319984520860480e+00
-5.356033346142913487e+00
-5.440211108893697300e+00
-5.523844855067087778e+00
-5.606926221358159879e+00
-5.689446899699518667e+00
-5.771398638092111177e+00
-5.852773241430363704e+00
-5.933562572321767981e+00
-6.013758551900558302e+00
-6.093353160635608390e+00
-6.172338439132372123e+00
-6.250706488928821081e+00
-6.328449473285281179e+00
-6.405559617968117792e+00
-6.482029212027090814e+00
-6.557850608566536010e+00
-6.633016225509980046e+00
-6.707518546358368638e+00
-6.781350120941702642e+00
-6.854503566164047434e+00
-6.926971566741844555e+00
-6.998746875935436762e+00
-7.069822316273691953e+00
-7.140190780271817417e+00
-7.209845231142057997e+00
-7.278778703497366109e+00
-7.346984304047953884e+00
-7.414455212290604003e+00
-7.481184681190717001e+00
-7.547166037857010679e+00
-7.612392684208813876e+00
-7.676858097635824940e+00
-7.740555831650431706e+00
-7.803479516532315863e+00
-7.865622859965424318e+00
-7.926979647667200979e+00
-7.987543744010004332e+00
-8.047309092634671757e+00
-8.106269717056154178e+00
-8.164419721261122476e+00
-8.221753290297625583e+00
-8.278264690856536490e+00
-8.333948271844892730e+00
-8.388798464950999900e+00
-8.442809785201252026e+00
-8.495976831508636806e+00
-8.548294287212836906e+00
-8.599756920611859812e+00
-8.650359585485263736e+00
-8.700097221608727338e+00
-8.748964855260087603e+00
-8.796957599716701992e+00
-8.844070655744115328e+00
-8.890299312075992333e+00
-8.935638945885216344e+00
-8.980085023246203946e+00
-9.023633099588236561e+00
-9.066278820139979544e+00
-9.108017920364915199e+00
-9.148846226387805203e+00
-9.188759655412068739e+00
-9.227754216128065679e+00
-9.265826009112220873e+00
-9.302971227216964678e+00
-9.339186155951432866e+00
-9.374467173852933044e+00
-9.408810752849078085e+00
-9.442213458610588361e+00
-9.474671950894723693e+00
-9.506182983879300608e+00
-9.536743406487284247e+00
-9.566350162701883875e+00
-9.595000291872139542e+00
-9.622690929009015903e+00
-9.649419305071871733e+00
-9.675182747245377968e+00
-9.699978679206784804e+00
-9.723804621383559166e+00
-9.746658191201339250e+00
-9.768537103322188386e+00
-9.789439169873126900e+00
-9.809362300664915324e+00
-9.828304503401078307e+00
-9.846263883877126588e+00
-9.863238646169980584e+00
-9.879227092817554734e+00
-9.894227624988511494e+00
-9.908238742642129893e+00
-9.921259044678322425e+00
-9.933287229077736313e+00
-9.944322093031953358e+00
-9.954362533063774165e+00
-9.963407545137563659e+00
-9.971456224759650766e+00
-9.978507767068782286e+00
-9.984561466916600736e+00
-9.989616718938169271e+00
-9.993673017612495713e+00
-9.996729957313094772e+00
-9.998787232348542275e+00
-9.999844636993049818e+00
-9.999902065507034976e+00
-9.998959512147692408e+00
-9.997017071169572944e+00
-9.994074936815160015e+00
-9.990133403295429204e+00
-9.985192864760453091e+00
-9.979253815259969684e+00
-9.972316848693976610e+00
-9.964382658753349276e+00
-9.955452038850472363e+00
-9.945525882039891741e+00
-9.934605180929018786e+00
-9.922691027578860457e+00
-9.909784613394826636e+00
-9.895887229007580999e+00
-9.881000264143981582e+00
-9.865125207488103953e+00
-9.848263646532389615e+00
-9.830417267418882332e+00
-9.811587854770618122e+00
-9.791777291513168890e+00
-9.770987558686361041e+00
-9.749220735246145964e+00
-9.726478997856730757e+00
-9.702764620672901685e+00
-9.678079975112614974e+00
-9.652427529619856728e+00
-9.625809849417798603e+00
-9.598229596252283002e+00
-9.569689528125632449e+00
-9.540192499020889727e+00
-9.509741458616378651e+00
-9.478339451990764886e+00
-9.445989619318542196e+00
-9.412695195556018746e+00
-9.378459510117826525e+00
-9.343285986543978794e+00
-9.307178142157516376e+00
-9.270139587712799667e+00
-9.232174027034403707e+00
-9.193285256646756665e+00
-9.153477165394489745e+00
-9.112753734053557153e+00
-9.071119034933154524e+00
-9.028577231468497999e+00
-8.985132577804478160e+00
-8.940789418370270525e+00
-8.895552187444858205e+00
-8.849425408713639030e+00
-8.802413694816042522e+00
-8.754521746884284639e+00
-8.705754354073251378e+00
-8.656116393081580540e+00
-8.605612827664007369e+00
-8.554248708134977619e+00
-8.502029170863663055e+00
-8.448959437760260371e+00
-8.395044815753859524e+00
-8.340290696261730474e+00
-8.284702554650193562e+00
-8.228285949687087708e+00
-8.171046522985895066e+00
-8.112989998441577200e+00
-8.054122181658227575e+00
-7.994448959368458674e+00
-7.933976298844770625e+00
-7.872710247302823205e+00
-7.810656931296716010e+00
-7.747822556106337188e+00
-7.684213405116846474e+00
-7.619835839190320925e+00
-7.554696296029730362e+00
-7.488801289535096828e+00
-7.422157409152156049e+00
-7.354771319213410763e+00
-7.286649758271700250e+00
-7.217799538426350026e+00
-7.148227544641970965e+00
-7.077940734059962935e+00
-7.006946135302801082e+00
-6.935250847771223803e+00
-6.862862040934225583e+00
-6.789786953612166442e+00
-6.716032893252884328e+00
-6.641607235200951642e+00
-6.566517421960153200e+00
-6.490770962449238013e+00
-6.414375431251022164e+00
-6.337338467854989332e+00
-6.259667775893269948e+00
-6.181371122370332927e+00
-6.102456336886285193e+00
-6.022931310853910425e+00
-5.942803996709544734e+00
-5.862082407117828353e+00
-5.780774614170436365e+00
-5.698888748578939456e+00
-5.616432998861641934e+00
-5.533415610524803796e+00
-5.449844885238077197e+00
-5.365729180004349175e+00
-5.281076906324048359e+00
-5.195896529353996485e+00
-5.110196567060892647e+00
-5.023985589369582172e+00
-4.937272217305974209e+00
-4.850065122135016615e+00
-4.762373024493552265e+00
-4.674204693518269949e+00
-4.585568945968793386e+00
-4.496474645346014931e+00
-4.406930701005751239e+00
-4.316946067267800835e+00
-4.226529742520583000e+00
-4.135690768321208743e+00
-4.044438228491401333e+00
-3.952781248209097598e+00
-3.860728993095946748e+00
-3.768290668300749324e+00
-3.675475517578954410e+00
-3.582292822368270180e+00
-3.488751900860600497e+00
-3.394862107070127699e+00
-3.300632829897991005e+00
-3.206073492193382002e+00
-3.111193549811273051e+00
-3.016002490666835900e+00
-2.920509833786658405e+00
-2.824725128356835757e+00
-2.728657952768124062e+00
-2.632317913658009267e+00
-2.535714644950120444e+00
-2.438857806890824431e+00
-2.341757085083214562e+00
-2.244422189518553878e+00
-2.146862853605286503e+00
-2.049088833195705561e+00
-1.951109905610355799e+00
-1.852935868660382290e+00
-1.754576539667650259e+00
-1.656041754483094097e+00
-1.557341366503119717e+00
-1.458485245684275178e+00
-1.359483277556262415e+00
-1.260345362233392885e+00
-1.161081413424566833e+00
-1.061701357441980687e+00
-9.622151322083983827e-01
-8.626326862634385861e-01
-7.629639777687104996e-01
-6.632189735120068708e-01
-5.634076479106326918e-01
-4.635399820139721738e-01
-3.636259625053746003e-01
-2.636755807035648380e-01
-1.636988315634136382e-01
-6.370571267652135050e-02
3.629377672855067793e-02
1.362896367861945734e-01
2.362718679937341748e-01
3.362304722113669264e-01
4.361554536619697275e-01
5.360368199306857484e-01
6.358645829640867664e-01
7.356287600690768480e-01
8.353193749110818800e-01
9.349264585116928705e-01
1.034440050245555520e+00
1.133850198836424239e+00
1.233146963352281134e+00
1.332320414199439584e+00
1.431360634115423913e+00
1.530257719160793339e+00
1.629001779709456921e+00
1.727582941437646458e+00
1.825991346311339969e+00
1.924217153572056915e+00
2.022250540720925471e+00
2.120081704500942799e+00
2.217700861877220930e+00
2.315098251015389685e+00
2.412264132257698535e+00
2.509188789096995720e+00
2.605862529148366136e+00
2.702275685118367132e+00
2.798418615771744999e+00
2.894281706895553530e+00
2.989855372260583177e+00
3.085130054579907188e+00
3.180096226464706355e+00
3.274744391376930075e+00
3.369065084578961589e+00
3.463048874080079553e+00
3.556686361579654232e+00
3.649968183406965938e+00
3.742885011457584010e+00
3.835427554126099814e+00
3.927586557235382081e+00
4.019352804961918935e+00
4.110717120757408694e+00
4.201670368266409383e+00
4.292203452239963468e+00
4.382307319445118310e+00
4.471972959570254424e+00
4.561191406126049230e+00
4.649953737342212179e+00
4.738251077059588923e+00
4.826074595617789953e+00
4.913415510738143865e+00
5.000265088401923741e+00
5.086614643723736506e+00
5.172455541820008662e+00
5.257779198672479559e+00
5.342577081986536136e+00
5.426840712044525894e+00
5.510561662553664419e+00
5.593731561488667126e+00
5.676342091928948008e+00
5.758384992890305476e+00
5.839852060151011770e+00
5.920735147072244686e+00
6.001026165412684854e+00
6.080717086137422456e+00
6.159799940220795023e+00
6.238266819443293087e+00
6.316109877182386256e+00
6.393321329197167557e+00
6.469893454406781430e+00
6.545818595662526107e+00
6.621089160513522032e+00
6.695697621966023583e+00
6.769636519236056138e+00
6.842898458495510816e+00
6.915476113611513043e+00
6.987362226879031191e+00
7.058549609746643583e+00
7.129031143535387471e+00
7.198799780150628713e+00
7.267848542786822463e+00
7.336170526625257260e+00
7.403758899524486736e+00
7.470606902703540442e+00
7.536707851417808968e+00
7.602055135627505678e+00
7.666642220658662410e+00
7.730462647856613856e+00
7.793510035231799193e+00
7.855778078098029304e+00
7.917260549702911376e+00
7.977951301850517929e+00
8.037844265516207898e+00
8.096933451453530495e+00
8.155212950793128357e+00
8.212676935633645314e+00
8.269319659624464691e+00
8.325135458540396272e+00
8.380118750848065901e+00
8.434264038264059238e+00
8.487565906304755714e+00
8.540019024827769201e+00
8.591618148564958091e+00
8.642358117646949722e+00
8.692233858119125856e+00
8.741240382448985713e+00
8.789372790024943427e+00
8.836626267646352062e+00
8.882996090004825263e+00
8.928477620156771266e+00
8.973066309987075329e+00
9.016757700663909247e+00
9.059547423084627127e+00
9.101431198312623039e+00
9.142404838005290912e+00
9.182464244832802436e+00
9.221605412887859288e+00
9.259824428086272263e+00
9.297117468558370845e+00
9.333480805031186378e+00
9.368910801201380423e+00
9.403403914098847238e+00
9.436956694441047233e+00
9.469565786977909738e+00
9.501227930827351287e+00
9.531939959801373874e+00
9.561698802722673918e+00
9.590501483731756593e+00
9.618345122584523565e+00
9.645226934940298591e+00
9.671144232640235927e+00
9.696094423976171939e+00
9.720075013949760034e+00
9.743083604521988406e+00
9.765117894852973990e+00
9.786175681532046866e+00
9.806254858798086005e+00
9.825353418750099266e+00
9.843469451548001459e+00
9.860601145603611783e+00
9.876746787761803148e+00
9.891904763471814022e+00
9.906073556948703285e+00
9.919251751324932087e+00
9.931438028792044292e+00
9.942631170732447288e+00
9.952830057841275391e+00
9.962033670238316319e+00
9.970241087570002492e+00
9.977451489101436977e+00
9.983664153798475382e+00
9.988878460399826409e+00
9.993093887479176374e+00
9.996310013497328839e+00
9.998526516844362888e+00
9.999743175871788736e+00
9.999959868914720218e+00
9.999176574304030396e+00
9.997393370368531151e+00
9.994610435427127015e+00
9.990828047770996534e+00
9.986046585635749651e+00
9.980266527163616175e+00
9.973488450355628032e+00
9.965713033013818389e+00
9.956941052673439430e+00
9.947173386525218319e+00
9.936411011327626497e+00
9.924655003309215573e+00
9.911906538060993199e+00
9.898166890418858443e+00
9.883437434336126870e+00
9.867719642746132891e+00
9.851015087414937810e+00
9.833325438784152439e+00
9.814652465803897385e+00
9.794998035755913435e+00
9.774364114066825593e+00
9.752752764111606965e+00
9.730166147007238919e+00
9.706606521396620835e+00
9.682076243222674350e+00
9.656577765492773580e+00
9.630113638033447998e+00
9.602686507235384639e+00
9.574299115788811321e+00
9.544954302409214719e+00
9.514655001553473213e+00
9.483404243126434707e+00
9.451205152177895030e+00
9.418060948590113668e+00
9.383974946755834878e+00
9.348950555246830163e+00
9.312991276473068680e+00
9.276100706332460533e+00
9.238282533851268852e+00
9.199540540815242196e+00
9.159878601391392650e+00
9.119300681740611481e+00
9.077810839621045957e+00
9.035413223982336817e+00
8.992112074550716372e+00
8.947911721405041874e+00
8.902816584543794320e+00
8.856831173443074690e+00
8.809960086605686413e+00
8.762208011101247251e+00
8.713579722097511748e+00
8.664080082382859871e+00
8.613714041880012218e+00
8.562486637151048186e+00
8.510402990893750186e+00
8.457468311429334307e+00
8.403687892181649133e+00
8.349067111147796538e+00
8.293611430360360970e+00
8.237326395341211693e+00
8.180217634546941952e+00
8.122290858806044511e+00
8.063551860747818267e+00
8.004006514223110713e+00
7.943660773716974433e+00
7.882520673753163010e+00
7.820592328290719486e+00
7.757881930112588087e+00
7.694395750206323825e+00
7.630140137137014555e+00
7.565121516412420810e+00
7.499346389840432003e+00
7.432821334878882524e+00
7.365553003977853841e+00
7.297548123914367579e+00
7.228813495119760013e+00
7.159355990999632269e+00
7.089182557246513916e+00
7.018300211145303003e+00
6.946716040871542042e+00
6.874437204782592126e+00
6.801470930701855266e+00
6.727824515195921506e+00
6.653505322844970316e+00
6.578520785506302815e+00
6.502878401571168254e+00
6.426585735214923822e+00
6.349650415640628154e+00
6.272080136316111165e+00
6.193882654204694305e+00
6.115065788989407558e+00
6.035637422291092236e+00
5.955605496880230554e+00
5.874978015882668103e+00
5.793763041979316242e+00
5.711968696599885931e+00
5.629603159110754262e+00
5.546674665997016973e+00
5.463191510038907239e+00
5.379162039482439539e+00
5.294594657204642729e+00
5.209497819873273095e+00
5.123880037101150364e+00
5.037749870595202850e+00
4.951115933300306970e+00
4.863986888537981557e+00
4.776371449140127012e+00
4.688278376577653894e+00
4.599716480084409476e+00
4.510694615776240646e+00
4.421221685765393872e+00
4.331306637270309956e+00
4.240958461720908623e+00
4.150186193859440209e+00
4.058998910837078533e+00
3.967405731306120842e+00
3.875415814508192724e+00
3.783038359358316782e+00
3.690282603525025795e+00
3.597157822506607872e+00
3.503673328703560852e+00
3.409838470487361661e+00
3.315662631265619442e+00
3.221155228543810534e+00
3.126325712983434535e+00
3.031183567457022665e+00
2.935738306099842987e+00
2.839999473358493898e+00
2.743976643036467156e+00
2.647679417336776364e+00
2.551117425901726854e+00
2.454300324850028581e+00
2.357237795811088610e+00
2.259939544956925506e+00
2.162415302031543973e+00
2.064674819377966042e+00
1.966727870963006497e+00
1.868584251399885376e+00
1.770253774968755023e+00
1.671746274635351970e+00
1.573071601067602465e+00
1.474239621650635046e+00
1.375260219500031411e+00
1.276143292473523871e+00
1.176898752181218644e+00
1.077536522994440471e+00
9.780665410532897175e-01
8.784987532731038939e-01
7.788431163496706278e-01
6.791095957636361646e-01
5.793081647839480874e-01
4.794488034705368662e-01
3.795414976763178405e-01
2.795962380486147758e-01
1.796230190301029428e-01
7.963183785935566694e-02
-2.036730642880013251e-02
-1.203644140032857635e-01
-2.203494852366743861e-01
-3.203125217051633333e-01
-4.202435271884079615e-01
-5.201325086691355182e-01
-6.199694773324384567e-01
-7.197444495646654339e-01
-8.194474479517032117e-01
-9.190685022768163570e-01
-1.018597650517589770e+00
-1.118024939842140020e+00
-1.217340427604390207e+00
-1.316534182338327197e+00
-1.415596284751138523e+00
-1.514516828715151586e+00
-1.613285922258369309e+00
-1.711893688553761006e+00
-1.810330266906871044e+00
-1.908585813741893844e+00
-2.006650503586025369e+00
-2.104514530052001398e+00
-2.202168106818728432e+00
-2.299601468609907773e+00
-2.396804872170571699e+00
-2.493768597241331264e+00
-2.590482947530500901e+00
-2.686938251683645973e+00
-2.783124864250730468e+00
-2.879033166650653008e+00
-2.974653568133113879e+00
-3.069976506737596811e+00
-3.164992450249744849e+00
-3.259691897154319840e+00
-3.354065377585613295e+00
-3.448103454274160207e+00
-3.541796723490722609e+00
-3.635135815986423768e+00
-3.728111397929763093e+00
-3.820714171840091211e+00
-3.912934877517120213e+00
-4.004764292967198713e+00
-4.096193235325240600e+00
-4.187212561773264952e+00
-4.277813170454411562e+00
-4.367986001383378003e+00
-4.457722037352182198e+00
-4.547012304831975271e+00
-4.635847874870481000e+00
-4.724219863984661316e+00
-4.812119435049312166e+00
-4.899537798180512382e+00
-4.986466211614860811e+00
-5.072895982583421670e+00
-5.158818468181093131e+00
-5.244225076230978111e+00
-5.329107266143382482e+00
-5.413456549770110371e+00
-5.497264492253030710e+00
-5.580522712867793445e+00
-5.663222885861660671e+00
-5.745356741286307134e+00
-5.826916065824605084e+00
-5.907892703612040997e+00
-5.988278557052371553e+00
-6.068065587627183177e+00
-6.147245816699964394e+00
-6.225811326313736238e+00
-6.303754259983063157e+00
-6.381066823479475403e+00
-6.457741285611104942e+00
-6.533769978995605854e+00
-6.609145300826970271e+00
-6.683859713635882827e+00
-6.757905746043268991e+00
-6.831275993507645694e+00
-6.903963119065358534e+00
-6.975959854064472943e+00
-7.047258998891460458e+00
-7.117853423691230752e+00
-7.187736069080181700e+00
-7.256899946851960159e+00
-7.325338140676473486e+00
-7.393043806791324002e+00
-7.460010174686368067e+00
-7.526230547780574653e+00
-7.591698304091865523e+00
-7.656406896899139447e+00
-7.720349855397018679e+00
-7.783520785342984638e+00
-7.845913369696639883e+00
-7.907521369251586663e+00
-7.968338623259166198e+00
-8.028359050044700851e+00
-8.087576647615486891e+00
-8.145985494261157811e+00
-8.203579749145699651e+00
-8.260353652891600618e+00
-8.316301528155838341e+00
-8.371417780197468517e+00
-8.425696897437255473e+00
-8.479133452008673189e+00
-8.531722100300827449e+00
-8.583457583492696941e+00
-8.634334728079055665e+00
-8.684348446387881282e+00
-8.733493737088981135e+00
-8.781765685694276513e+00
-8.829159465049102096e+00
-8.875670335815046386e+00
-8.921293646943759370e+00
-8.966024836142180376e+00
-9.009859430328649665e+00
-9.052793046080262584e+00
-9.094821390071251344e+00
-9.135940259502211447e+00
-9.176145542520492526e+00
-9.215433218631272183e+00
-9.253799359099701860e+00
-9.291240127343684208e+00
-9.327751779317619452e+00
-9.363330663886721084e+00
-9.397973223192172654e+00
-9.431675993006935599e+00
-9.464435603082089088e+00
-9.496248777483950576e+00
-9.527112334921564951e+00
-9.557023189064933533e+00
-9.585978348853554820e+00
-9.613974918795568314e+00
-9.641010099257332655e+00
-9.667081186743308407e+00
-9.692185574166492401e+00
-9.716320751109048359e+00
-9.739484304073407372e+00
-9.761673916723559330e+00
-9.782887370116750247e+00
-9.803122542925306604e+00
-9.822377411648805179e+00
-9.840650050816433847e+00
-9.857938633179488264e+00
-9.874241429894151878e+00
-9.889556810694328348e+00
-9.903883244054709323e+00
-9.917219297343894624e+00
-9.929563636967662532e+00
-9.940915028502345763e+00
-9.951272336818243858e+00
-9.960634526193162586e+00
-9.969000660415961335e+00
-9.976369902880191987e+00
-9.982741516667747561e+00
-9.988114864622563260e+00
-9.992489409414314849e+00
-9.995864713592171213e+00
-9.998240439628530041e+00
-9.999616349952765049e+00
-9.999992306974990086e+00
-9.999368273099815241e+00
-9.997744310730110939e+00
-9.995120582260760500e+00
-9.991497350062420679e+00
-9.986874976455297315e+00
-9.981253923672895212e+00
-9.974634753815807997e+00
-9.967018128795512411e+00
-9.958404810268152829e+00
-9.948795659558411941e+00
-9.938191637573348558e+00
-9.926593804706326907e+00
-9.914003320730971680e+00
-9.900421444685180816e+00
-9.885849534745251077e+00
-9.870289048090022277e+00
-9.853741540755201811e+00
-9.836208667477725598e+00
-9.817692181530318862e+00
-9.798193934546137740e+00
-9.777715876333633815e+00
-9.756260054681575866e+00
-9.733828615154230590e+00
-9.710423800876874623e+00
-9.686047952311415798e+00
-9.660703507022413206e+00
-9.634392999433259774e+00
-9.607119060572806291e+00
-9.578884417812192353e+00
-9.549691894592172048e+00
-9.519544410140754920e+00
-9.488444979181240413e+00
-9.456396711630828733e+00
-9.423402812289547015e+00
-9.389466580519858496e+00
-9.354591409916634959e+00
-9.318780787967886781e+00
-9.282038295705978825e+00
-9.244367607349492033e+00
-9.205772489935901248e+00
-9.166256802944751314e+00
-9.125824497911844801e+00
-9.084479618033959980e+00
-9.042226297764662135e+00
-8.999068762400735721e+00
-8.955011327659768483e+00
-8.910058399248534045e+00
-8.864214472422384361e+00
-8.817484131535827885e+00
-8.769872049583980811e+00
-8.721382987735395886e+00
-8.672021794855812260e+00
-8.621793407023425004e+00
-8.570702847035120087e+00
-8.518755223904339147e+00
-8.465955732350124663e+00
-8.412309652277599525e+00
-8.357822348250095956e+00
-8.302499268952580280e+00
-8.246345946646913561e+00
-8.189367996618495127e+00
-8.131571116614864536e+00
-8.072961086275880049e+00
-8.013543766555692116e+00
-7.953325099136801413e+00
-7.892311105835723595e+00
-7.830507888000987293e+00
-7.767921625902830307e+00
-7.704558578115353384e+00
-7.640425080890485887e+00
-7.575527547524528948e+00
-7.509872467716761868e+00
-7.443466406920404843e+00
-7.376316005686247124e+00
-7.308427978998407681e+00
-7.239809115603027756e+00
-7.170466277329218485e+00
-7.100406398403068309e+00
-7.029636484754039571e+00
-6.958163613314544804e+00
-6.885994931312195533e+00
-6.813137655554999839e+00
-6.739599071709870159e+00
-6.665386533573856020e+00
-6.590507462338982769e+00
-6.514969345849919158e+00
-6.438779737855393037e+00
-6.361946257252740544e+00
-6.284476587325941388e+00
-6.206378474977482185e+00
-6.127659729953461643e+00
-6.048328224062840874e+00
-5.968391890390042143e+00
-5.887858722501876585e+00
-5.806736773647964256e+00
-5.725034155955618154e+00
-5.642759039618551853e+00
-5.559919652079777563e+00
-5.476524277209076530e+00
-5.392581254474379193e+00
-5.308098978108066746e+00
-5.223085896267315675e+00
-5.137550510189523578e+00
-5.051501373341960921e+00
-4.964947090566634635e+00
-4.877896317219724054e+00
-4.790357758305960445e+00
-4.702340167608349830e+00
-4.613852346812549854e+00
-4.524903144626964746e+00
-4.435501455897625789e+00
-4.345656220718935536e+00
-4.255376423539573238e+00
-4.164671092263960261e+00
-4.073549297349700282e+00
-3.982020150900286826e+00
-3.890092805754154615e+00
-3.797776454569147475e+00
-3.705080328903519238e+00
-3.612013698292524388e+00
-3.518585869321702031e+00
-3.424806184696125300e+00
-3.330684022306042102e+00
-3.236228794289321975e+00
-3.141449946089987399e+00
-3.046356955513944254e+00
-2.950959331780937944e+00
-2.855266614573912065e+00
-2.759288373084776147e+00
-2.663034205057730475e+00
-2.566513735829401011e+00
-2.469736617366208975e+00
-2.372712527299421392e+00
-2.275451167957123655e+00
-2.177962265394267405e+00
-2.080255568419799417e+00
-1.982340847622030555e+00
-1.884227894391478975e+00
-1.785926519941638313e+00
-1.687446554328105641e+00
-1.588797845465305780e+00
-1.489990258141987933e+00
-1.391033673034475893e+00
-1.291937985718885962e+00
-1.192713105681300290e+00
-1.093368955327070902e+00
-9.939154689884817095e-01
-8.943625919312186978e-01
-7.947202793600973703e-01
-6.949984954232695245e-01
-5.952072122160981804e-01
-4.953564087836742069e-01
-3.954560701232029407e-01
-2.955161861852294569e-01
-1.955467508749000882e-01
-9.555776105247387742e-02
4.440784466461913070e-03
1.044388859106161749e-01
2.044265435532470199e-01
3.043937587118418775e-01
4.043305347482617496e-01
5.042268780681476992e-01
6.040727991203790337e-01
7.038583133961261451e-01
8.035734424270447596e-01
9.032082147833985220e-01
1.002752667070909487e+00
1.102196844927373132e+00
1.201530804017803211e+00
1.300744611029138964e+00
1.399828344663321955e+00
1.498772096629523487e+00
1.597565972635069276e+00
1.696200093374617524e+00
1.794664595518358219e+00
1.892949632698061269e+00
1.991045376491982211e+00
2.088942017407418028e+00
2.186629765861926700e+00
2.284098853162034981e+00
2.381339532480201804e+00
2.478342079829598088e+00
2.575096795036255326e+00
2.671594002709349880e+00
2.767824053208460366e+00
2.863777323608795999e+00
2.959444218663244364e+00
3.054815171761987358e+00
3.149880645889258979e+00
3.244631134576800413e+00
3.339057162854767391e+00
3.433149288198953819e+00
3.526898101475302028e+00
3.620294227880541449e+00
3.713328327879927837e+00
3.805991098140955486e+00
3.898273272463785855e+00
3.990165622707952053e+00
4.081658959714942192e+00
4.172744134227364121e+00
4.263412037803606225e+00
4.353653603728932175e+00
4.443459807921885663e+00
4.532821669836949674e+00
4.621730253362367868e+00
4.710176667713847465e+00
4.798152068323721764e+00
4.885647657725179727e+00
4.972654686432255389e+00
5.059164453814521956e+00
5.145168308967393855e+00
5.230657651576994027e+00
5.315623932780274785e+00
5.400058656019978365e+00
5.483953377894083658e+00
5.567299709000375962e+00
5.650089314775139648e+00
5.732313916326847725e+00
5.813965291263805568e+00
5.895035274516621016e+00
5.975515759154497175e+00
6.055398697196010538e+00
6.134676100413980038e+00
6.213340041134093994e+00
6.291382653027888239e+00
6.368796131899153501e+00
6.445572736464568742e+00
6.521704789127602098e+00
6.597184676746486787e+00
6.672004851395332281e+00
6.746157831118997805e+00
6.819636200681356009e+00
6.892432612306631512e+00
6.964539786414376543e+00
7.035950512347218577e+00
7.106657649092125162e+00
7.176654125994314626e+00
7.245932943464406861e+00
7.314487173678434928e+00
7.382309961270455467e+00
7.449394524018277508e+00
7.515734153521482774e+00
7.581322215872450698e+00
7.646152152319554141e+00
7.710217479923221262e+00
7.773511792204056192e+00
7.836028759783554065e+00
7.897762131017096010e+00
7.958705732618962969e+00
8.018853470279820428e+00
8.078199329275985718e+00
8.136737375071053435e+00
8.194461753909186186e+00
8.251366693400644436e+00
8.307446503098876889e+00
8.362695575069627907e+00
8.417108384451783110e+00
8.470679490009707990e+00
8.523403534677525428e+00
8.575275246094669512e+00
8.626289437133262794e+00
8.676441006416691692e+00
8.725724938829804600e+00
8.774136306020464460e+00
8.821670266892262191e+00
8.868322068088755117e+00
8.914087044468665511e+00
8.958960619572525985e+00
9.002938306080190856e+00
9.046015706259687761e+00
9.088188512406876640e+00
9.129452507276276663e+00
9.169803564502815973e+00
9.209237649014367477e+00
9.247750817435369086e+00
9.285339218481048817e+00
9.321999093342650866e+00
9.357726776063211460e+00
9.392518693904257532e+00
9.426371367702987669e+00
9.459281412220217788e+00
9.491245536478945866e+00
9.522260544093359869e+00
9.552323333588566001e+00
9.581430898710646460e+00
9.609580328727364673e+00
9.636768808719164525e+00
9.662993619860699823e+00
9.688252139692725251e+00
9.712541842384288415e+00
9.735860298985381078e+00
9.758205177669754704e+00
9.779574243968182756e+00
9.799965360991823360e+00
9.819376489645980755e+00
9.837805688833961781e+00
9.855251115651196159e+00
9.871711025569553044e+00
9.887183772611747301e+00
9.901667809515977581e+00
9.915161687890613251e+00
9.927664058359070509e+00
9.939173670694716023e+00
9.949689373945911797e+00
9.959210116551092895e+00
9.967734946443929545e+00
9.975263011148543413e+00
9.981793557864730104e+00
9.987325933543267809e+00
9.991859584951193085e+00
9.995394058727145037e+00
9.997929001426692608e+00
9.999464159557675202e+00
9.999999379605563732e+00
9.999534608048795903e+00
9.998069891364139039e+00
9.995605376022044908e+00
9.992141308471991223e+00
9.987678035117848907e+00
9.982216002283228917e+00
9.975755756166865496e+00
9.968297942787993193e+00
9.959843307921724787e+00
9.950392697024508237e+00
9.939947055149552568e+00
9.928507426852346995e+00
9.916074956086180947e+00
9.902650886087778659e+00
9.888236559252947089e+00
9.872833417002356171e+00
9.856442999637405222e+00
9.839066946186161289e+00
9.820706994239499110e+00
9.801364979777302366e+00
9.781042836984909172e+00
9.759742598059656160e+00
9.737466393007686349e+00
9.714216449430951528e+00
9.689995092304418023e+00
9.664804743743633964e+00
9.638647922762443088e+00
9.611527245021164845e+00
9.583445422564954796e+00
9.554405263552675720e+00
9.524409671976009406e+00
9.493461647369125345e+00
9.461564284508707345e+00
9.428720773104439346e+00
9.394934397480112054e+00
9.360208536245112398e+00
9.324546661956647498e+00
9.287952340772404725e+00
9.250429232094031562e+00
9.211981088201099510e+00
9.172611753875974827e+00
9.132325166019292340e+00
9.091125353256240160e+00
9.049016435533790315e+00
9.006002623708592836e+00
8.962088219126018274e+00
8.917277613189895646e+00
8.871575286923494730e+00
8.824985810521372542e+00
8.777513842892311402e+00
8.729164131193549281e+00
8.679941510355929424e+00
8.629850902600551876e+00
8.578897316946415330e+00
8.527085848709658578e+00
8.474421678993895313e+00
8.420910074172226700e+00
8.366556385360560455e+00
8.311366047882447816e+00
8.255344580725678227e+00
8.198497585990249803e+00
8.140830748328301780e+00
8.082349834375502695e+00
8.023060692174555086e+00
7.962969250590230530e+00
7.902081518716633113e+00
7.840403585276232157e+00
7.777941618010927982e+00
7.714701863065442922e+00
7.650690644362524218e+00
7.585914362970748392e+00
7.520379496464224545e+00
7.454092598275017245e+00
7.387060297037728596e+00
7.319289295926576955e+00
7.250786371985242340e+00
7.181558375448987341e+00
7.111612229059824486e+00
7.040954927374054151e+00
6.969593536063014128e+00
6.897535191206318750e+00
6.824787098578428690e+00
6.751356532928010523e+00
6.677250837250384485e+00
6.602477422053417477e+00
6.527043764616264454e+00
6.450957408241862368e+00
6.374225961502388849e+00
6.296857097478628873e+00
6.218858552992458044e+00
6.140238127833351989e+00
6.061003683978338330e+00
5.981163144805718979e+00
5.900724494302933110e+00
5.819695776267942655e+00
5.738085093505084444e+00
5.655900607014567427e+00
5.573150535176583986e+00
5.489843152929390513e+00
5.405986790941726738e+00
5.321589834779974382e+00
5.236660724069355233e+00
5.151207951650230044e+00
5.065240062728568304e+00
4.978765654021683140e+00
4.891793372898323611e+00
4.804331916514153811e+00
4.716390030941961520e+00
4.627976510296955226e+00
4.539100195857584730e+00
4.449769975181167680e+00
4.359994781215394077e+00
4.269783591404783252e+00
4.179145426793206219e+00
4.088089351121525716e+00
3.996624469921463696e+00
3.904759929604951108e+00
3.812504916549401379e+00
3.719868656179306399e+00
3.626860412043440451e+00
3.533489484888777010e+00
3.439765211730156480e+00
3.345696964916824001e+00
3.251294151195105009e+00
3.156566210767635106e+00
3.061522616349585668e+00
2.966172872221127577e+00
2.870526513277284586e+00
2.774593104074176697e+00
2.678382237872849014e+00
2.581903535679677120e+00
2.485166645284516918e+00
2.388181240295827568e+00
2.290957019173218256e+00
2.193503704257851350e+00
2.095831040799937206e+00
1.997948795984497927e+00
1.899866757954377317e+00
1.801594734831713174e+00
1.703142553736854747e+00
1.604520059805903287e+00
1.505737115206102317e+00
1.406803598149521939e+00
1.307729401905494138e+00
1.208524433811011711e+00
1.109198614280283657e+00
1.009761875812421383e+00
9.102241619984432486e-01
8.105954265268183745e-01
7.108856321879992723e-01
6.111047498783995779e-01
5.112627576030288612e-01
4.113696394779841059e-01
3.114353847317629653e-01
2.114699867066328065e-01
1.114834418590208848e-01
1.148574876012558969e-02
-8.851309290403876207e-02
-1.885030833327089039e-01
-2.884742236100956148e-01
-3.884165167055512180e-01
-4.883199684729800927e-01
-5.881745886505291843e-01
-6.879703918593216283e-01
-7.876973986022701713e-01
-8.873456362617709869e-01
-9.869051400970623167e-01
-1.086365954240797516e+00
-1.185718132694375315e+00
-1.284951740322814118e+00
-1.384056853847974944e+00
-1.483023562841163212e+00
-1.581841970713915746e+00
-1.680502195707759494e+00
-1.778994371882480996e+00
-1.877308650102469834e+00
-1.975435199021902122e+00
-2.073364206067587645e+00
-2.171085878420498716e+00
-2.268590443994765948e+00
-2.365868152415153691e+00
-2.462909275991850055e+00
-2.559704110693330481e+00
-2.656242977116855641e+00
-2.752516221456162704e+00
-2.848514216467114668e+00
-2.944227362430139827e+00
-3.039646088110470323e+00
-3.134760851714986085e+00
-3.229562141846656242e+00
-3.324040478455434489e+00
-3.418186413786357569e+00
-3.511990533324414798e+00
-3.605443456735756058e+00
-3.698535838805982578e+00
-3.791258370374398723e+00
-3.883601779265180909e+00
-3.975556831214361431e+00
-4.067114330793340393e+00
-4.158265122328524299e+00
-4.249000090816650754e+00
-4.339310162836549800e+00
-4.429186307456213001e+00
-4.518619537136139286e+00
-4.607600908627823344e+00
-4.696121523868331593e+00
-4.784172530869874151e+00
-4.871745124605094901e+00
-4.958830547887661311e+00
-5.045420092247752564e+00
-5.131505098803152976e+00
-5.217076959124882229e+00
-5.302127116098278137e+00
-5.386647064778459892e+00
-5.470628353241050235e+00
-5.554062583427159083e+00
-5.636941411983266370e+00
-5.719256551095638130e+00
-5.800999769318904598e+00
-5.882162892399417586e+00
-5.962737804092447469e+00
-6.042716446974027988e+00
-6.122090823246492342e+00
-6.200852995538328472e+00
-6.278995087697999189e+00
-6.356509285581352309e+00
-6.433387837833246081e+00
-6.509623056662468876e+00
-6.585207318610720506e+00
-6.660133065314738587e+00
-6.734392804262343546e+00
-6.807979109541497209e+00
-6.880884622582970067e+00
-6.953102052896259266e+00
-7.024624178798466900e+00
-7.095443848136653742e+00
-7.165553979002852181e+00
-7.234947560442449799e+00
-7.303617653155082046e+00
-7.371557390188750780e+00
-7.438759977626343556e+00
-7.505218695265096329e+00
-7.570926897288674517e+00
-7.635878012931586412e+00
-7.700065547136437871e+00
-7.763483081203252034e+00
-7.826124273431515732e+00
-7.887982859754185228e+00
-7.949052654364155757e+00
-8.009327550332898227e+00
-8.068801520221004608e+00
-8.127468616681088776e+00
-8.185322973052350903e+00
-8.242358803947409385e+00
-8.298570405830661301e+00
-8.353952157588803829e+00
-8.408498521092790057e+00
-8.462204041751705930e+00
-8.515063349058278774e+00
-8.567071157125790037e+00
-8.618222265216811451e+00
-8.668511558263118033e+00
-8.717934007377351691e+00
-8.766484670355753295e+00
-8.814158692172513909e+00
-8.860951305465166072e+00
-8.906857831011356197e+00
-8.951873678196818673e+00
-8.995994345474313647e+00
-9.039215420813915713e+00
-9.081532582144074439e+00
-9.122941597783952972e+00
-9.163438326866479855e+00
-9.203018719752476429e+00
-9.241678818435671516e+00
-9.279414756938381359e+00
-9.316222761698229604e+00
-9.352099151945388655e+00
-9.387040340070756272e+00
-9.421042831984610899e+00
-9.454103227466124082e+00
-9.486218220503282339e+00
-9.517384599623534669e+00
-9.547599248214963197e+00
-9.576859144837865045e+00
-9.605161363526983465e+00
-9.632503074084013406e+00
-9.658881542360704842e+00
-9.684294130532190792e+00
-9.708738297360850922e+00
-9.732211598450362544e+00
-9.754711686490169953e+00
-9.776236311490237085e+00
-9.796783321005984035e+00
-9.816350660353595714e+00
-9.834936372815430872e+00
-9.852538599835742872e+00
-9.869155581206493721e+00
-9.884785655243385705e+00
-9.899427258952053776e+00
-9.913078928184317462e+00
-9.925739297784637927e+00
-9.937407101726595471e+00
-9.948081173239533115e+00
-9.957760444925181531e+00
-9.966443948864446511e+00
-9.974130816714167125e+00
-9.980820279793963579e+00
-9.986511669163103733e+00
-9.991204415687390039e+00
-9.994898050096086450e+00
-9.997592203028826674e+00
-9.999286605072562395e+00
-9.999981086788503504e+00
-9.999675578729053882e+00
-9.998370111444765840e+00
-9.996064815481283006e+00
-9.992759921366276998e+00
-9.988455759586408078e+00
-9.983152760554261818e+00
-9.976851454565331068e+00
-9.969552471744956179e+00
-9.961256541985338941e+00
-9.951964494872546751e+00
-9.941677259603538985e+00
-9.930395864893277746e+00
-9.918121438871825291e+00
-9.904855208971564906e+00
-9.890598501804419129e+00
-9.875352743029239377e+00
-9.859119457209180482e+00
-9.841900267659308810e+00
-9.823696896284232594e+00
-9.804511163405907226e+00
-9.784344987581649278e+00
-9.763200385412218907e+00
-9.741079471340226448e+00
-9.717984457438632262e+00
-9.693917653189597416e+00
-9.668881465253470253e+00
-9.642878397228194842e+00
-9.615911049398906840e+00
-9.587982118477905047e+00
-9.559094397335023530e+00
-9.529250774718283523e+00
-9.498454234965098664e+00
-9.466707857703758222e+00
-9.434014817545543607e+00
-9.400378383767238333e+00
-9.365801919984168222e+00
-9.330288883813919298e+00
-9.293842826530493539e+00
-9.256467392709268438e+00
-9.218166319862458380e+00
-9.178943438065454430e+00
-9.138802669573724557e+00
-9.097748028430679312e+00
-9.055783620066238271e+00
-9.012913640886235811e+00
-8.969142377852897141e+00
-8.924474208056018654e+00
-8.878913598275387287e+00
-8.832465104533982370e+00
-8.785133371642485756e+00
-8.736923132734762731e+00
-8.687839208794493118e+00
-8.637886508173203026e+00
-8.587070026099294040e+00
-8.535394844178661344e+00
-8.482866129886396322e+00
-8.429489136050193565e+00
-8.375269200324918728e+00
-8.320211744658978503e+00
-8.264322274752078812e+00
-8.207606379504595040e+00
-8.150069730458831430e+00
-8.091718081231702442e+00
-8.032557266939548413e+00
-7.972593203614453117e+00
-7.911831887612824410e+00
-7.850279395015583361e+00
-7.787941881020719492e+00
-7.724825579327704972e+00
-7.660936801514067973e+00
-7.596281936404395196e+00
-7.530867449431273286e+00
-7.464699881988934749e+00
-7.397785850778934247e+00
-7.330132047148657293e+00
-7.261745236422112448e+00
-7.192632257223335657e+00
-7.122800020792700693e+00
-7.052255510295609930e+00
-6.981005780124372784e+00
-6.909057955192584366e+00
-6.836419230222832155e+00
-6.763096869027027225e+00
-6.689098203780216245e+00
-6.614430634287282729e+00
-6.539101627242901671e+00
-6.463118715485055787e+00
-6.386489497241548463e+00
-6.309221635370400705e+00
-6.231322856593357606e+00
-6.152800950723432472e+00
-6.073663769885725650e+00
-5.993919227732399158e+00
-5.913575298651243983e+00
-5.832640016968158037e+00
-5.751121476143921107e+00
-5.669027827964625565e+00
-5.586367281726737133e+00
-5.503148103415938408e+00
-5.419378614880737466e+00
-5.335067193000213592e+00
-5.250222268846233220e+00
-5.164852326840570385e+00
-5.078965903906221158e+00
-4.992571588613969880e+00
-4.905678020323288813e+00
-4.818293888318657459e+00
-4.730427930940395598e+00
-4.642088934711048331e+00
-4.553285733456656992e+00
-4.464027207423280075e+00
-4.374322282389202954e+00
-4.284179928772111623e+00
-4.193609160732313157e+00
-4.102619035271072079e+00
-4.011218651325173745e+00
-3.919417148856781274e+00
-3.827223707939673591e+00
-3.734647547841147386e+00
-3.641697926099999094e+00
-3.548384137601012789e+00
-3.454715513645210123e+00
-3.360701421016996093e+00
-3.266351261047222287e+00
-3.171674468673293834e+00
-3.076680511495584636e+00
-2.981378888830584550e+00
-2.885779130761209288e+00
-2.789890797183531834e+00
-2.693723476851071386e+00
-2.597286786415653470e+00
-2.500590369466026974e+00
-2.403643895563237542e+00
-2.306457059273922194e+00
-2.209039579200755110e+00
-2.111401197010493114e+00
-2.013551676460060058e+00
-1.915500802419900284e+00
-1.817258379895778875e+00
-1.718834233048009752e+00
-1.620238204209327959e+00
-1.521480152900384297e+00
-1.422569954844046469e+00
-1.323517500977730244e+00
-1.224332696464208725e+00
-1.125025459701350039e+00
-1.025605721330003828e+00
-9.260834232412284983e-01
-8.264685175818273777e-01
-7.267709657593894867e-01
-6.270007374460515592e-01
-5.271678095814323894e-01
-4.272821653751956439e-01
-3.273537933084531559e-01
-2.273926861352093265e-01
-1.274088398828096824e-01
-2.741225285263093961e-02
7.258707538002509563e-02
1.725791449656321752e-01
2.725539567805226326e-01
3.725015134268980788e-01
4.724118202323122073e-01
5.722748862494139166e-01
6.720807252547491562e-01
7.718193567476600014e-01
8.714808069480411978e-01
9.710551097939945642e-01
1.070532307938178551e+00
1.169902453743640436e+00
1.269155610278678736e+00
1.368281852310280211e+00
1.467271267296917037e+00
1.566113956379510785e+00
1.664800035371592379e+00
1.763319635747465641e+00
1.861662905629156928e+00
1.959820010771701204e+00
2.057781135546311369e+00
2.155536483922213087e+00
2.253076280445962976e+00
2.350390771219259989e+00
2.447470224874052747e+00
2.544304933545944447e+00
2.640885213844728518e+00
2.737201407822824173e+00
2.833243883941165109e+00
2.929003038032107042e+00
3.024469294260106800e+00
3.119633106079029883e+00
3.214484957187064396e+00
3.309015362478074707e+00
3.403214868990374953e+00
3.497074056851778856e+00
3.590583540221683023e+00
3.683733968229740974e+00
3.776516025910710894e+00
3.868920435136208980e+00
3.960937955542250144e+00
4.052559385453540663e+00
4.143775562803407198e+00
4.234577366050095826e+00
4.324955715089014774e+00
4.414901572160509602e+00
4.504405942753892944e+00
4.593459876506628348e+00
4.682054468099615896e+00
4.770180858147460512e+00
4.857830234084659082e+00
4.944993831046627264e+00
5.031662932746274741e+00
5.117828872345716817e+00
5.203483033322736873e+00
5.288616850332675590e+00
5.373221810064718440e+00
5.457289452093454507e+00
5.540811369724676361e+00
5.623779210836284292e+00
5.706184678713274394e+00
5.788019532877502371e+00
5.869275589911804758e+00
5.949944724278132924e+00
6.030018869130334913e+00
6.109490017120593919e+00
6.188350221200392909e+00
6.266591595415013316e+00
6.344206315692206388e+00
6.421186620624679264e+00
6.497524812246034287e+00
6.573213256800776172e+00
6.648244385507471321e+00
6.722610695315827556e+00
6.796304749656782995e+00
6.869319179186366142e+00
6.941646682522445211e+00
7.013280026974932468e+00
7.084212049269128286e+00
7.154435656261862952e+00
7.223943825651004680e+00
7.292729606677490040e+00
7.360786120820587364e+00
7.428106562485546682e+00
7.494684199684349402e+00
7.560512374708732608e+00
7.625584504796027119e+00
7.689894082787498419e+00
7.753434677778892059e+00
7.816199935763703976e+00
7.878183580268395048e+00
7.939379412980213324e+00
7.999781314366859242e+00
8.059383244288509829e+00
8.118179242601884837e+00
8.176163429756103440e+00
8.233330007380816440e+00
8.289673258865853711e+00
8.345187549933063664e+00
8.399867329199560473e+00
8.453707128733023879e+00
8.506701564598344589e+00
8.558845337396082442e+00
8.610133232792446023e+00
8.660560122040598330e+00
8.710120962493673957e+00
8.758810798108893181e+00
8.806624759943304070e+00
8.853558066640532687e+00
8.899606024909052948e+00
8.944764029991397081e+00
8.989027566124672575e+00
9.032392206992179595e+00
9.074853616165942327e+00
9.116407547540458012e+00
9.157049845757184059e+00
9.196776446620198442e+00
9.235583377502504021e+00
9.273466757743340949e+00
9.310422799036281560e+00
9.346447805807962084e+00
9.381538175587758488e+00
9.415690399367903751e+00
9.448901061954508407e+00
9.481166842308962117e+00
9.512484513880142600e+00
9.542850944926980716e+00
9.572263098831662376e+00
9.600718034403332268e+00
9.628212906172123553e+00
9.654744964673790619e+00
9.680311556724575439e+00
9.704910125686595279e+00
9.728538211723437357e+00
9.751193452046202026e+00
9.772873581149731592e+00
9.793576431039170416e+00
9.813299931446801239e+00
9.832042110039001415e+00
9.849801092613546416e+00
9.866575103286962189e+00
9.882362464672176827e+00
9.897161598046196218e+00
9.910971023508013289e+00
9.923789360126599846e+00
9.935615326078966802e+00
9.946447738778381620e+00
9.956285514992593733e+00
9.965127670952186989e+00
9.972973322448925870e+00
9.979821684924207403e+00
9.985672073547487315e+00
9.990523903284774576e+00
9.994376688957144594e+00
9.997230045289237310e+00
9.999083686947798810e+00
9.999937428570206066e+00
9.999791184783012099e+00
9.998644970210470717e+00
9.996498899473083455e+00
9.993353187176136743e+00
9.989208147888241740e+00
9.984064196109867950e+00
9.977921846231909697e+00
9.970781712484233950e+00
9.962644508874269889e+00
9.953511049115590481e+00
9.943382246546565995e+00
9.932259114039013070e+00
9.920142763896908633e+00
9.907034407745175741e+00
9.892935356408498748e+00
9.877847019780270799e+00
9.861770906681572413e+00
9.844708624710326816e+00
9.826661880080498790e+00
9.807632477451521780e+00
9.787622319747805832e+00
9.766633407968431158e+00
9.744667840987103702e+00
9.721727815342196877e+00
9.697815625017177865e+00
9.672933661211136069e+00
9.647084412099731665e+00
9.620270462586319127e+00
9.592494494043512177e+00
9.563759284045030284e+00
9.534067706087906657e+00
9.503422729305214034e+00
9.471827418169073809e+00
9.439284932184289545e+00
9.405798525572318880e+00
9.371371546945931996e+00
9.336007438974313288e+00
9.299709738038764328e+00
9.262482073879157340e+00
9.224328169230858521e+00
9.185251839452563516e+00
9.145256992144661368e+00
9.104347626758581669e+00
9.062527834196741239e+00
9.019801796403562832e+00
8.976173785947235473e+00
8.931648165592418920e+00
8.886229387864073459e+00
8.839921994602091715e+00
8.792730616507242303e+00
8.744659972677977677e+00
8.695714870138655073e+00
8.645900203358706904e+00
8.595220953763313076e+00
8.543682189235223490e+00
8.491289063607903032e+00
8.438046816150290397e+00
8.383960771042726634e+00
8.329036336844687582e+00
8.273279005953785514e+00
8.216694354056665262e+00
8.159288039571380935e+00
8.101065803081503702e+00
8.042033466762202210e+00
7.982196933797879090e+00
7.921562187792003940e+00
7.860135292168609844e+00
7.797922389566109835e+00
7.734929701222879039e+00
7.671163526355277540e+00
7.606630241527679637e+00
7.541336300014743976e+00
7.475288231156254959e+00
7.408492639704013172e+00
7.340956205161548453e+00
7.272685681115986789e+00
7.203687894562888161e+00
7.133969745223361691e+00
7.063538204854269864e+00
6.992400316550977379e+00
6.920563194042986588e+00
6.848034020982733949e+00
6.774820050227033263e+00
6.700928603111999671e+00
6.626367068720718123e+00
6.551142903144517859e+00
6.475263628737297772e+00
6.398736833363212639e+00
6.321570169638079939e+00
6.243771354163913934e+00
6.165348166757484982e+00
6.086308449672126031e+00
6.006660106813733968e+00
5.926411102950166487e+00
5.845569462914962600e+00
5.764143270804788166e+00
5.682140669170939518e+00
5.599569858205306616e+00
5.516439094920114528e+00
5.432756692322478820e+00
5.348531018582862728e+00
5.263770496198512561e+00
5.178483601150972504e+00
5.092678862058707345e+00
5.006364859324150984e+00
4.919550224275587524e+00
4.832243638304239752e+00
4.744453831995886439e+00
4.656189584258063618e+00
4.567459721441927911e+00
4.478273116459853043e+00
4.388638687898044566e+00
4.298565399124601782e+00
4.208062257393404337e+00
4.117138312943141365e+00
4.025802658092554331e+00
3.934064426330949882e+00
3.841932791405120895e+00
3.749416966401719176e+00
3.656526202826180239e+00
3.563269789677487420e+00
3.469657052519174556e+00
3.375697352547014418e+00
3.281400085652638854e+00
3.186774681484221716e+00
3.091830602503259584e+00
2.996577343038597352e+00
2.901024428336737238e+00
2.805181413609555641e+00
2.709057883078690665e+00
2.612663449017023520e+00
2.516007750787702335e+00
2.419100453879933443e+00
2.321951248942721424e+00
2.224569850815533822e+00
2.126965997557066945e+00
2.029149449471344013e+00
1.931129988131591979e+00
1.832917415402331107e+00
1.734521552458921034e+00
1.635952238805730152e+00
1.537219331291912461e+00
1.438332703126012690e+00
1.339302242888371630e+00
1.240137853542523150e+00
1.140849451444800433e+00
1.041446965352602616e+00
9.419403354317745780e-01
8.423395122623156261e-01
7.426544558436131149e-01
6.428951345981674947e-01
5.430715243750415810e-01
4.431936074520008706e-01
3.432713715375416141e-01
2.433148087720227171e-01
1.433339147283527737e-01
4.333868741269002178e-02
-5.666087373563406804e-02
-1.566547688437663344e-01
-2.566329986055949086e-01
-3.565855652814230448e-01
-4.565024736978411934e-01
-5.563737322473425451e-01
-6.561893538872267673e-01
-7.559393571385806254e-01
-8.556137670841323928e-01
-9.552026163660201075e-01
-1.054695946182235611e+00
-1.154083807282778595e+00
-1.253356260964326507e+00
-1.352503380064202787e+00
-1.451515249953190256e+00
-1.550381969526739345e+00
-1.649093652195351423e+00
-1.747640426872949071e+00
-1.846012438964256486e+00
-1.944199851349971420e+00
-2.042192845370747190e+00
-2.139981621808807688e+00
-2.237556401867964340e+00
-2.334907428151593134e+00
-2.432024965638121650e+00
-2.528899302654801673e+00
-2.625520751848591239e+00
-2.721879651155156843e+00
-2.817966364764832310e+00
-2.913771284086294600e+00
-3.009284828707516901e+00
-3.104497447353563366e+00
-3.199399618841980875e+00
-3.293981853034638974e+00
-3.388234691787001651e+00
-3.482148709893672311e+00
-3.575714516031167634e+00
-3.668922753696811867e+00
-3.761764102144478983e+00
-3.854229277316757241e+00
-3.946309032773118730e+00
-4.037994160614815087e+00
-4.129275492405400705e+00
-4.220143900087830247e+00
-4.310590296896994467e+00
-4.400605638268646480e+00
-4.490180922743631342e+00
-4.579307192868114385e+00
-4.667975536089419286e+00
-4.756177085647051328e+00
-4.843903021459616376e+00
-4.931144571006576882e+00
-5.017893010205741966e+00
-5.104139664285448852e+00
-5.189875908652132885e+00
-5.275093169752863353e+00
-5.359782925932485398e+00
-5.443936708286015502e+00
-5.527546101505285137e+00
-5.610602744720707413e+00
-5.693098332337115153e+00
-5.775024614864551431e+00
-5.856373399743004526e+00
-5.937136552161749847e+00
-6.017305995872906266e+00
-6.096873713998850697e+00
-6.175831749834133966e+00
-6.254172207640915637e+00
-6.331887253438754470e+00
-6.408969115787776616e+00
-6.485410086566036902e+00
-6.561202521740131743e+00
-6.636338842129675619e+00
-6.710811534165296521e+00
-6.784613150639798640e+00
-6.857736311453090039e+00
-6.930173704349970265e+00
-7.001918085651567480e+00
-7.072962280979511185e+00
-7.143299185973446264e+00
-7.212921767001540196e+00
-7.281823061863656577e+00
-7.349996180487776698e+00
-7.417434305618800572e+00
-7.484130693500461007e+00
-7.550078674549503432e+00
-7.615271654022823355e+00
-7.679703112676781629e+00
-7.743366607419179815e+00
-7.806255771953641620e+00
-7.868364317416078890e+00
-7.929686033003743972e+00
-7.990214786596137486e+00
-8.049944525368381676e+00
-8.108869276396333703e+00
-8.166983147254036624e+00
-8.224280326602809055e+00
-8.280755084772446040e+00
-8.336401774334230907e+00
-8.391214830665541413e+00
-8.445188772506460495e+00
-8.498318202507743280e+00
-8.550597807770701664e+00
-8.602022360378358101e+00
-8.652586717918286041e+00
-8.702285823996906089e+00
-8.751114708744990978e+00
-8.799068489314787911e+00
-8.846142370368168528e+00
-8.892331644556289660e+00
-8.937631692990192889e+00
-8.982037985702813643e+00
-9.025546082101868706e+00
-9.068151631413963187e+00
-9.109850373119698475e+00
-9.150638137379624837e+00
-9.190510845451333566e+00
-9.229464510097217911e+00
-9.267495235983298940e+00
-9.304599220068656251e+00
-9.340772751985825906e+00
-9.376012214411748147e+00
-9.410314083429534904e+00
-9.443674928880893660e+00
-9.476091414709054916e+00
-9.507560299292473260e+00
-9.538078435768891694e+00
-9.567642772350115621e+00
-9.596250352627112790e+00
-9.623898315865687891e+00
-9.650583897292573710e+00
-9.676304428371848232e+00
-9.701057337071853581e+00
-9.724840148122330774e+00
-9.747650483262011889e+00
-9.769486061476372996e+00
-9.790344699225805414e+00
-9.810224310663906877e+00
-9.829122907846096879e+00
-9.847038600928415875e+00
-9.863969598356474577e+00
-9.879914207044649288e+00
-9.894870832545350936e+00
-9.908837979208499291e+00
-9.921814250331062013e+00
-9.933798348296745573e+00
-9.944789074705738585e+00
-9.954785330494551943e+00
-9.963786116045945107e+00
-9.971790531288860393e+00
-9.978797775788446955e+00
-9.984807148826087442e+00
-9.989818049469494810e+00
-9.993829976632772727e+00
-9.996842529126553245e+00
-9.998855405698094501e+00
-9.999868405061416610e+00
-9.999881425917429567e+00
-9.998894466964058481e+00
-9.996907626896373245e+00
-9.993921104396729760e+00
-9.989935198114883619e+00
-9.984950306638145534e+00
-9.978966928451507457e+00
-9.971985661887801555e+00
-9.964007205067868966e+00
-9.955032355830740087e+00
-9.945062011653863721e+00
-9.934097169563340657e+00
-9.922138926034254069e+00
-9.909188476880979479e+00
-9.895247117137648374e+00
-9.880316240928618043e+00
-9.864397341329059543e+00
-9.847492010215677993e+00
-9.829601938107485282e+00
-9.810728913996793921e+00
-9.790874825170277518e+00
-9.770041657020279047e+00
-9.748231492846262114e+00
-9.725446513646449631e+00
-9.701688997899793776e+00
-9.676961321338051647e+00
-9.651265956708293459e+00
-9.624605473525550181e+00
-9.596982537815941683e+00
-9.568399911849999384e+00
-9.538860453866513822e+00
-9.508367117786674427e+00
-9.476922952918657828e+00
-9.444531103652773041e+00
-9.411194809146923745e+00
-9.376917403002810403e+00
-9.341702312932456564e+00
-9.305553060415547861e+00
-9.268473260347185771e+00
-9.230466620676491374e+00
-9.191536942035773095e+00
-9.151688117360425423e+00
-9.110924131499736234e+00
-9.069249060818295405e+00
-9.026667072788468360e+00
-8.983182425573547292e+00
-8.938799467602027704e+00
-8.893522637132738495e+00
-8.847356461810964134e+00
-8.800305558215796964e+00
-8.752374631398357252e+00
-8.703568474411412126e+00
-8.653891967829961729e+00
-8.603350079263297090e+00
-8.551947862858122917e+00
-8.499690458793262238e+00
-8.446583092765592937e+00
-8.392631075467422264e+00
-8.337839802055562188e+00
-8.282214751611652659e+00
-8.225761486594425520e+00
-8.168485652283296261e+00
-8.110392976214006566e+00
-8.051489267605715483e+00
-7.991780416780214225e+00
-7.931272394572851603e+00
-7.869971251735381479e+00
-7.807883118331046646e+00
-7.745014203121405316e+00
-7.681370792945631187e+00
-7.616959252091660915e+00
-7.551786021659925296e+00
-7.485857618919181888e+00
-7.419180636654715499e+00
-7.351761742509238751e+00
-7.283607678315934031e+00
-7.214725259424474402e+00
-7.145121374019300475e+00
-7.074802982430997034e+00
-7.003777116440073947e+00
-6.932050878573968511e+00
-6.859631441396722096e+00
-6.786526046791649946e+00
-6.712742005237343434e+00
-6.638286695076420330e+00
-6.563167561777904169e+00
-6.487392117192470664e+00
-6.410967938801487520e+00
-6.333902668959052740e+00
-6.256204014127955126e+00
-6.177879744108959237e+00
-6.098937691263741634e+00
-6.019385749731855917e+00
-5.939231874641106579e+00
-5.858484081312265168e+00
-5.777150444457317846e+00
-5.695239097372200021e+00
-5.612758231123391894e+00
-5.529716093728723969e+00
-5.446120989332793982e+00
-5.361981277376322019e+00
-5.277305371760443009e+00
-5.192101740005099941e+00
-5.106378902402521902e+00
-5.020145431164975136e+00
-4.933409949567751696e+00
-4.846181131086765070e+00
-4.758467698531108070e+00
-4.670278423171006388e+00
-4.581622123860442208e+00
-4.492507666155528767e+00
-4.402943961427712161e+00
-4.312939965972860890e+00
-4.222504680115548581e+00
-4.131647147308934009e+00
-4.040376453230650533e+00
-3.948701724873979302e+00
-3.856632129635427120e+00
-3.764176874397728412e+00
-3.671345204609426371e+00
-3.578146403360074501e+00
-3.484589790452165659e+00
-3.390684721469059415e+00
-3.296440586839334053e+00
-3.201866810897983306e+00
-3.106972850943722442e+00
-3.011768196293536537e+00
-2.916262367333485983e+00
-2.820464914566946479e+00
-2.724385417659295427e+00
-2.628033484480192250e+00
-2.531418750142695906e+00
-2.434550876039659251e+00
-2.337439548877839446e+00
-2.240094479708956587e+00
-2.142525402958876946e+00
-2.044742075453898522e+00
-1.946754275445320426e+00
-1.848571801631522682e+00
-1.750204472177998349e+00
-1.651662123735790022e+00
-1.552954610457553342e+00
-1.454091803012430795e+00
-1.355083587598711059e+00
-1.255939864955498919e+00
-1.156670549372369239e+00
-1.057285567698191375e+00
-9.577948583483471001e-01
-8.582083703107924455e-01
-7.585360621514134483e-01
-6.587879010178949724e-01
-5.589738616432984308e-01
-4.591039253483120142e-01
-3.591880790434116011e-01
-2.592363142298937939e-01
-1.592586260009824783e-01
-5.926501204222166946e-02
